0,4,4,4,4,4,4,4,4,4,4,4,1,4,//0
2,4,4,4,4,4,4,4,4,4,4,4,3,4,//0
0,4,4,4,4,4,4,4,4,4,4,4,1,4,//0
2,4,4,4,4,4,4,4,4,4,4,4,3,4,//0
0,4,4,4,9,4,4,4,4,4,4,4,1,4,//0
2,4,4,4,4,4,4,4,4,4,4,4,3,4,//0
0,4,4,4,4,4,4,4,9,4,4,4,1,4,//0
2,4,4,4,4,4,4,4,4,4,4,4,3,4,//0
0,4,4,4,4,4,4,4,4,4,4,4,1,4,//0
2,4,4,4,4,10,4,4,4,4,4,4,3,4,//0
2,4,63,57,60,57,63,57,63,57,57,63,60,4,//1
0,4,4,4,4,4,4,4,4,4,4,4,4,4,//1
2,4,4,4,4,4,4,4,4,4,4,4,4,4,//1
0,4,4,4,4,4,4,4,4,4,4,4,4,4,//1
2,4,4,4,4,4,4,4,4,4,4,4,4,4,//1
0,4,4,4,4,4,4,4,4,4,4,4,4,4,//1
2,4,4,4,4,4,4,4,4,4,4,4,4,4,//1
0,4,4,4,4,4,4,4,4,4,4,4,4,4,//1
2,4,4,4,4,4,4,9,4,4,4,4,4,4,//1
0,4,4,4,4,4,4,4,4,4,4,4,8,4,//1
63,4,59,61,61,59,62,63,62,59,63,62,3,4,//2
4,4,4,4,4,4,4,4,4,4,4,4,1,4,//2
4,4,4,4,4,4,4,4,4,4,4,4,3,4,//2
4,4,4,4,4,4,4,4,4,4,4,4,1,4,//2
4,4,4,4,4,4,4,4,4,4,4,4,3,4,//2
4,4,4,4,4,4,4,4,4,4,4,4,1,4,//2
4,4,4,4,4,4,4,4,4,4,4,4,3,4,//2
4,4,4,4,4,4,4,11,4,4,4,4,16,4,//2
4,4,4,4,4,4,4,12,4,4,4,4,18,4,//2
5,6,5,6,6,5,6,5,6,5,6,5,6,4,//2
0,4,4,4,4,4,4,4,4,4,4,4,61,4,//3
2,4,4,4,4,4,4,4,4,4,4,4,4,4,//3
0,4,4,4,4,4,4,4,4,4,4,4,4,4,//3
2,4,4,4,4,4,4,4,4,4,4,4,4,4,//3
0,4,4,4,10,4,4,4,4,4,4,4,4,4,//3
2,4,4,4,4,4,4,4,4,4,4,4,4,4,//3
0,4,4,4,4,4,4,4,4,4,4,4,4,4,//3
2,4,4,4,4,4,4,4,4,4,4,4,4,4,//3
15,4,4,4,4,4,4,4,4,4,4,4,4,4,//3
17,4,4,4,4,9,4,4,4,4,4,4,8,4,//3
64,4,4,4,4,4,4,4,4,4,4,4,63,4,//4
4,4,4,4,4,4,4,4,4,4,4,4,4,4,//4
4,4,4,4,4,4,4,4,4,4,4,4,4,4,//4
4,4,4,4,4,4,4,4,4,4,9,4,4,4,//4
4,4,4,4,4,4,4,4,4,4,4,4,4,4,//4
4,4,4,4,4,4,10,4,4,4,4,4,4,4,//4
4,4,4,4,4,4,4,4,4,4,4,4,4,4,//4
4,4,4,4,4,4,4,4,4,4,4,4,4,4,//4
4,4,4,4,4,4,4,4,4,4,4,4,4,4,//4
6,5,6,5,5,7,4,4,4,4,8,5,6,4,//4
57,58,57,58,59,61,62,63,64,58,59,58,59,4,//5
4,4,4,4,4,4,4,4,4,4,4,4,4,4,//5
4,4,4,4,4,4,4,4,4,4,4,4,4,4,//5
4,4,4,4,4,4,4,4,4,4,4,4,4,4,//5
4,4,4,4,4,4,4,4,4,4,4,4,4,4,//5
4,4,4,4,4,4,4,4,4,4,4,4,4,4,//5
4,4,4,4,4,4,4,4,4,4,4,4,4,4,//5
4,4,4,4,4,4,4,4,4,4,4,4,4,4,//5
4,4,4,4,4,4,4,4,4,4,4,4,4,4,//5
5,6,5,6,6,5,6,5,6,5,6,5,6,4,//5
58,57,58,57,58,57,58,57,61,59,59,60,63,4,//6
4,4,4,4,4,4,4,4,4,4,4,4,4,4,//6
4,4,4,4,4,4,4,4,4,4,4,4,4,4,//6
4,4,4,4,4,4,4,4,4,4,4,4,4,4,//6
4,4,4,4,4,4,4,4,4,4,4,4,4,4,//6
4,4,4,4,4,4,4,4,4,4,4,4,4,4,//6
4,4,4,4,4,4,4,4,4,4,4,4,4,4,//6
4,4,4,4,4,4,4,4,4,4,4,4,4,4,//6
4,4,4,4,4,4,4,4,4,4,4,4,4,4,//6
7,4,4,4,4,4,4,4,4,4,4,4,8,4,//6
58,63,59,63,58,62,59,58,63,58,62,64,3,4,//7
4,4,4,4,4,4,4,4,4,4,4,4,1,4,//7
4,4,4,4,4,4,4,4,4,4,4,4,3,4,//7
4,4,4,4,4,4,4,4,4,4,4,4,1,4,//7
4,4,4,4,4,4,4,4,4,4,4,4,3,4,//7
4,4,4,4,4,4,4,4,4,4,4,4,1,4,//7
4,4,4,4,4,4,4,4,4,4,4,4,3,4,//7
4,4,4,4,4,4,4,4,4,4,4,4,1,4,//7
4,4,4,4,4,11,4,4,4,4,4,4,3,4,//7
6,6,5,6,6,5,6,5,6,5,6,5,6,4,//7
0,4,4,4,4,4,4,4,4,4,4,4,3,4,//8
2,4,4,4,4,4,4,4,4,4,4,4,1,4,//8
0,4,4,4,4,4,4,4,4,4,9,4,3,4,//8
2,4,4,4,4,4,4,4,4,4,4,4,1,4,//8
0,4,4,4,4,4,10,4,4,4,4,4,3,4,//8
2,4,4,4,4,4,4,4,4,4,4,4,1,4,//8
0,4,4,4,4,4,4,4,4,4,4,4,3,4,//8
2,4,4,4,4,4,4,4,4,4,4,4,1,4,//8
0,4,4,4,4,4,4,4,4,4,4,4,3,4,//8
2,4,4,4,4,4,4,4,4,4,4,4,1,4,//8
0,59,58,59,61,59,61,63,58,61,58,63,58,4,//9
2,4,4,4,4,4,4,4,4,4,4,4,4,4,//9
0,4,4,4,4,4,4,4,4,4,4,4,4,4,//9
2,4,4,4,4,4,4,4,4,4,4,4,4,4,//9
0,4,4,4,4,4,4,4,4,4,4,4,4,4,//9
2,4,4,4,4,4,4,4,4,4,4,4,4,4,//9
0,4,4,4,4,4,4,4,4,4,4,4,4,4,//9
2,4,4,4,4,4,4,4,4,4,4,4,4,4,//9
0,4,4,4,4,4,4,10,4,4,4,4,4,4,//9
2,4,4,4,4,4,4,4,4,4,4,4,8,4,//9
57,4,4,4,4,4,4,4,4,4,4,4,3,4,//10
4,4,4,4,4,4,4,4,4,4,4,4,1,4,//10
4,4,4,4,4,4,4,4,4,4,4,4,3,4,//10
4,4,4,4,4,4,4,4,10,4,4,4,1,4,//10
4,4,4,4,4,4,4,4,4,4,4,4,3,4,//10
4,4,4,4,4,4,4,4,4,4,4,4,1,4,//10
4,4,4,4,4,4,11,4,4,4,4,4,3,4,//10
4,4,4,4,4,4,12,4,4,4,4,4,16,4,//10
4,4,4,4,4,4,12,4,4,4,4,4,18,4,//10
5,6,5,6,6,5,6,5,6,5,6,5,6,4,//10
57,58,57,58,58,57,61,59,57,64,57,64,3,4,//11
2,4,4,4,4,4,4,4,4,4,4,4,1,4,//11
0,4,4,4,4,4,4,4,4,4,4,4,3,4,//11
2,4,4,4,4,4,22,4,4,4,4,4,1,4,//11
0,4,4,4,4,4,10,4,4,4,4,4,3,4,//11
2,4,4,4,4,4,4,4,4,4,4,4,1,4,//11
0,4,4,4,4,4,4,4,4,9,4,4,3,4,//11
17,4,4,4,4,4,4,4,4,4,4,4,1,4,//11
15,4,4,4,4,4,4,4,4,4,4,4,3,4,//11
5,6,5,6,6,5,6,5,6,5,6,5,6,4,//11
57,58,57,59,57,59,57,59,57,59,57,59,3,4,//12
2,4,4,4,4,4,4,4,4,4,4,4,1,4,//12
0,4,4,4,4,4,4,4,4,4,4,4,3,4,//12
2,4,4,4,4,4,4,4,4,4,4,4,1,4,//12
0,4,4,4,4,4,4,4,4,4,4,4,3,4,//12
2,4,4,4,4,4,4,4,4,4,4,4,1,4,//12
0,4,4,4,4,4,4,4,4,4,4,4,3,4,//12
2,4,4,4,4,4,4,4,4,4,4,4,16,4,//12
0,4,4,4,4,4,4,4,4,4,4,4,18,4,//12
2,4,4,4,4,4,4,4,4,4,4,4,1,4,//12
0,4,4,4,4,4,4,4,4,4,4,4,58,4,//13
2,4,4,4,4,4,4,4,4,4,4,4,4,4,//13
0,4,4,4,4,4,4,4,4,4,4,4,4,4,//13
2,4,4,4,4,10,4,4,4,4,4,4,4,4,//13
0,4,4,4,4,4,4,4,4,4,4,4,4,4,//13
2,4,4,4,4,4,4,4,4,4,4,4,4,4,//13
0,4,4,4,4,4,4,4,4,11,4,4,4,4,//13
17,4,4,4,4,4,4,4,4,12,4,4,4,4,//13
15,4,4,4,4,4,4,4,4,12,4,4,4,4,//13
5,6,5,6,6,5,6,5,6,5,6,5,6,4,//13
58,57,58,59,61,57,61,57,59,57,61,57,61,4,//14
4,4,4,4,4,4,4,4,4,4,4,4,4,4,//14
4,4,4,4,4,4,4,4,4,4,4,4,4,4,//14
4,4,4,4,4,4,4,4,4,4,4,4,4,4,//14
4,4,4,4,4,4,4,4,4,4,4,4,4,4,//14
4,4,4,4,4,4,4,4,4,4,4,4,4,4,//14
4,4,4,4,4,4,4,4,4,4,4,4,4,4,//14
4,4,4,4,4,4,4,4,4,4,4,4,4,4,//14
4,4,4,4,4,4,82,4,4,4,4,4,4,4,//14
5,6,5,6,6,5,6,5,6,5,6,5,6,4,//14
59,58,59,57,59,58,57,57,59,58,57,57,3,4,//15
4,4,4,4,4,4,4,4,4,4,4,4,1,4,//15
4,4,4,4,4,4,4,4,4,4,4,4,3,4,//15
4,4,4,4,4,4,4,4,4,4,4,4,1,4,//15
4,4,4,4,4,4,4,4,4,4,4,4,3,4,//15
4,4,4,4,4,4,4,4,4,4,4,4,1,4,//15
4,4,4,4,4,4,4,4,4,4,4,4,3,4,//15
4,4,4,4,4,4,4,4,4,4,4,4,1,4,//15
4,4,4,4,4,4,4,4,4,4,4,4,3,4,//15
5,6,5,6,6,5,6,5,6,7,4,4,1,4,//15
0,4,4,4,4,4,4,4,4,4,4,4,3,4,//16
2,4,4,4,4,4,4,4,4,4,4,4,1,4,//16
0,4,4,4,4,4,4,4,4,4,4,4,3,4,//16
2,4,4,9,4,4,4,4,4,4,4,4,1,4,//16
0,4,4,4,4,4,4,4,4,4,4,4,3,4,//16
2,4,4,4,4,4,4,4,4,4,4,4,1,4,//16
0,4,4,4,4,10,4,4,4,4,4,4,3,4,//16
17,4,4,4,4,4,4,4,4,4,4,4,16,4,//16
15,4,4,4,4,4,4,4,10,4,4,4,18,4,//16
2,4,4,4,4,4,4,4,4,4,4,4,1,4,//16
0,4,4,4,4,4,4,4,4,4,4,4,58,4,//17
2,4,4,4,4,4,4,4,4,4,4,4,4,4,//17
0,4,4,4,4,4,4,4,4,4,4,4,4,4,//17
2,4,4,4,10,4,4,4,4,4,4,4,4,4,//17
0,4,4,4,4,4,4,4,4,4,4,4,4,4,//17
2,4,4,4,4,4,4,4,4,4,4,4,4,4,//17
0,4,4,4,4,4,4,9,4,4,4,4,4,4,//17
17,4,4,4,4,4,4,4,4,4,4,4,4,4,//17
15,4,4,4,4,4,4,4,4,4,4,4,4,4,//17
5,6,5,6,6,5,6,5,6,5,6,5,6,4,//17
59,57,59,57,59,59,59,57,64,57,57,64,3,4,//18
4,4,4,4,4,4,4,4,4,4,4,4,1,4,//18
4,4,4,4,4,4,4,4,4,4,4,4,3,4,//18
4,4,4,4,4,4,4,4,4,4,4,4,1,4,//18
4,4,4,4,4,4,4,4,4,4,4,4,3,4,//18
4,4,10,4,4,4,4,4,4,4,4,4,1,4,//18
4,4,4,4,4,4,4,4,4,4,4,4,3,4,//18
4,4,4,4,4,4,4,4,4,4,4,4,1,4,//18
4,4,4,4,4,4,4,4,4,4,4,4,3,4,//18
7,4,4,4,4,4,9,4,4,4,4,4,1,4,//18
0,4,4,4,4,4,4,4,4,4,4,4,58,4,//19
2,4,4,10,4,4,4,4,4,4,4,4,4,4,//19
0,4,4,4,4,4,4,4,4,4,4,4,4,4,//19
2,4,4,4,4,10,4,4,4,4,4,10,4,4,//19
0,4,4,4,4,4,4,4,4,4,4,4,4,4,//19
2,4,4,4,4,4,4,4,4,4,4,4,4,4,//19
0,4,4,4,4,4,4,4,10,4,4,4,4,4,//19
2,4,4,4,4,4,4,4,4,4,4,4,4,4,//19
0,4,4,4,4,4,4,4,4,4,4,4,4,4,//19
5,6,5,6,6,5,6,5,6,5,6,5,6,4,//19
59,64,59,62,64,4,4,4,61,57,59,57,3,4,//20
4,4,4,4,4,9,4,4,4,4,4,4,1,4,//20
4,4,4,4,4,4,4,4,4,4,4,4,3,4,//20
4,4,4,4,4,4,4,4,4,4,4,4,1,4,//20
4,4,4,4,4,4,4,9,4,4,4,4,3,4,//20
4,4,4,4,4,4,4,4,4,4,4,4,1,4,//20
4,4,4,4,4,4,4,4,4,4,4,4,3,4,//20
4,4,4,4,10,4,4,4,4,4,4,4,1,4,//20
4,4,4,4,4,4,4,4,4,4,4,4,3,4,//20
7,4,4,4,4,4,4,4,4,4,4,4,1,4,//20
0,58,57,58,59,58,59,58,59,58,59,58,59,4,//21
2,4,4,4,4,4,4,4,4,4,4,4,4,4,//21
0,4,4,4,4,4,4,4,4,4,4,4,4,4,//21
2,4,4,4,4,4,4,4,4,4,4,4,4,4,//21
0,4,4,4,4,4,4,4,4,4,4,4,4,4,//21
2,4,4,4,4,4,4,4,4,4,4,4,4,4,//21
0,4,4,4,4,4,4,4,4,4,4,4,4,4,//21
2,4,4,4,4,4,4,4,4,4,4,4,4,4,//21
0,4,4,4,4,4,4,9,4,4,4,4,4,4,//21
2,4,4,4,4,4,4,4,4,4,4,4,8,4,//21
62,4,4,4,4,4,4,4,4,4,4,4,3,4,//22
4,4,4,4,4,4,4,4,4,4,4,4,1,4,//22
4,4,4,4,4,4,4,4,4,4,4,4,3,4,//22
4,4,4,4,9,4,4,4,4,4,4,4,1,4,//22
4,4,4,4,4,4,4,4,4,4,4,4,3,4,//22
4,4,4,4,4,4,4,4,4,10,4,4,1,4,//22
4,4,4,4,4,4,4,4,4,4,4,4,3,4,//22
4,4,4,4,4,4,4,4,11,4,4,4,1,4,//22
4,4,4,4,4,4,4,4,12,4,4,4,3,4,//22
6,6,5,6,6,5,6,5,6,5,6,5,6,4,//22
0,59,58,59,60,59,60,61,60,59,59,60,61,4,//23
2,4,4,4,4,4,4,4,4,4,4,4,4,4,//23
0,4,4,4,4,4,4,4,4,4,4,4,4,4,//23
2,4,4,4,4,4,4,4,4,4,4,4,4,4,//23
0,4,4,4,4,4,4,4,4,4,4,4,4,4,//23
2,21,4,4,4,4,4,4,4,4,4,4,4,4,//23
0,11,4,4,4,4,4,4,4,10,4,4,4,4,//23
2,12,4,4,4,4,4,4,4,4,4,4,4,4,//23
0,12,4,4,4,4,11,4,4,83,4,4,4,4,//23
5,6,5,6,6,5,6,5,6,5,6,5,6,4,//23
60,4,4,4,4,4,4,4,4,4,4,4,61,4,//24
4,4,4,4,4,4,4,4,4,4,4,4,4,4,//24
4,4,4,4,4,4,4,4,4,4,4,4,4,4,//24
4,4,4,4,4,4,4,4,4,4,4,4,4,4,//24
4,4,4,4,4,4,10,4,4,4,4,4,4,4,//24
4,4,4,4,4,4,4,4,4,4,4,4,4,4,//24
4,4,9,4,4,4,4,4,4,4,4,4,4,4,//24
4,4,4,4,4,4,4,4,4,4,11,4,4,4,//24
4,4,4,4,4,4,4,4,4,4,12,4,4,4,//24
6,6,5,6,6,5,6,5,6,5,6,5,6,4,//24
60,4,4,4,4,4,4,4,4,4,4,4,63,4,//25
4,4,4,4,4,4,4,4,4,4,4,4,4,4,//25
4,4,4,4,4,4,4,4,4,4,4,4,4,4,//25
4,4,4,10,4,4,4,4,4,4,4,4,4,4,//25
4,4,4,4,4,4,4,4,4,4,4,4,4,4,//25
4,4,4,4,4,4,4,4,4,4,4,4,4,4,//25
4,4,4,4,4,4,4,4,11,4,4,4,4,4,//25
4,4,4,4,4,4,4,4,12,4,4,4,4,4,//25
4,4,4,11,4,4,4,4,12,4,4,4,4,4,//25
5,6,5,6,6,5,6,5,6,5,6,5,6,4,//25
59,57,59,59,62,62,57,63,59,62,57,63,59,4,//26
4,4,4,4,4,4,4,4,4,4,4,4,4,4,//26
4,4,4,4,4,4,4,4,4,4,4,4,4,4,//26
4,4,4,4,4,4,4,4,4,4,4,4,4,4,//26
4,4,4,4,4,4,4,4,4,4,4,4,4,4,//26
4,4,4,4,4,4,4,4,4,4,4,4,4,4,//26
4,4,4,9,4,4,4,4,4,4,4,4,4,4,//26
4,4,4,4,4,4,4,4,4,4,4,4,4,4,//26
4,4,4,4,4,4,4,4,4,4,4,4,4,4,//26
7,4,4,4,4,4,8,7,4,4,4,4,8,4,//26
59,61,61,59,58,59,58,59,58,59,61,59,3,4,//27
4,4,4,4,4,4,4,4,4,4,4,4,1,4,//27
4,4,4,4,4,4,4,4,4,4,4,4,3,4,//27
4,4,4,4,4,4,4,4,4,4,4,4,1,4,//27
4,4,4,4,4,4,4,4,4,4,4,4,3,4,//27
4,4,4,4,4,4,4,4,4,4,4,4,1,4,//27
4,4,4,4,4,4,4,4,4,9,4,4,3,4,//27
4,4,4,4,4,4,4,4,4,4,4,4,16,4,//27
4,4,4,4,4,4,4,4,4,4,4,4,18,4,//27
7,4,4,4,4,4,8,7,4,4,4,4,1,4,//27
2,4,4,4,4,4,4,4,4,4,4,4,3,4,//28
0,4,4,4,4,4,4,4,4,4,4,4,1,4,//28
2,4,4,4,4,4,4,4,4,4,4,4,3,4,//28
0,4,4,4,4,4,4,4,4,4,4,4,1,4,//28
2,4,4,4,4,4,4,4,4,4,4,4,3,4,//28
0,4,4,4,4,4,4,4,4,4,4,4,1,4,//28
2,4,4,4,4,4,4,4,4,4,4,4,3,4,//28
15,4,4,4,4,4,4,4,4,4,4,4,1,4,//28
17,4,4,4,4,4,4,4,4,4,4,4,3,4,//28
0,4,4,4,4,4,4,4,4,4,4,4,1,4,//28
2,62,59,62,59,62,59,62,59,61,59,61,59,4,//29
0,4,4,4,4,4,4,4,4,4,4,4,4,4,//29
2,4,4,4,4,4,4,4,4,4,4,4,4,4,//29
0,4,4,4,4,4,4,4,4,4,4,4,4,4,//29
2,4,4,4,4,4,4,4,4,4,4,4,4,4,//29
0,4,4,4,4,4,4,4,4,4,4,4,4,4,//29
2,4,4,4,4,4,4,4,4,4,4,4,4,4,//29
0,4,4,4,4,4,4,4,4,4,4,4,4,4,//29
2,4,4,4,4,9,4,4,4,4,4,4,4,4,//29
0,4,4,4,4,4,4,4,4,4,4,4,8,4,//29
57,58,59,58,59,60,59,60,60,59,59,64,59,4,//30
4,4,4,4,4,4,4,4,4,4,4,4,4,4,//30
4,4,4,4,4,4,4,4,4,4,4,4,4,4,//30
4,4,4,4,4,4,4,4,4,4,4,4,4,4,//30
4,4,4,4,4,4,4,4,4,4,4,4,4,4,//30
4,4,4,4,4,4,4,4,4,4,4,4,4,4,//30
4,4,4,4,4,4,4,4,4,4,4,4,4,4,//30
4,4,4,4,4,4,4,4,4,11,4,4,4,4,//30
4,4,4,83,4,4,11,4,4,12,4,4,4,4,//30
5,6,5,6,6,5,6,5,6,5,6,5,6,4,//30
59,58,59,60,61,62,63,64,4,4,4,4,3,4,//31
4,4,4,4,4,4,4,4,4,4,4,4,1,4,//31
4,4,4,4,4,4,4,4,4,4,4,4,3,4,//31
4,4,4,4,4,4,4,4,4,4,4,9,1,4,//31
4,4,4,4,4,4,4,4,4,4,4,4,3,4,//31
4,4,4,4,4,4,4,10,4,4,4,4,1,4,//31
4,4,4,4,9,4,4,4,4,4,4,4,3,4,//31
4,4,4,4,4,4,4,4,4,4,4,4,16,4,//31
4,4,4,4,4,4,4,4,4,10,4,4,18,4,//31
7,4,4,4,4,4,4,4,4,4,4,4,1,4,//31
2,4,4,4,4,4,4,4,4,4,4,4,3,4,//32
0,4,4,4,4,4,4,4,4,4,4,4,1,4,//32
2,4,4,4,4,4,4,4,4,4,9,4,3,4,//32
0,4,4,4,10,4,4,4,4,4,4,4,1,4,//32
2,4,4,4,4,4,4,4,4,4,4,4,3,4,//32
0,4,4,4,4,4,4,4,9,4,4,4,1,4,//32
2,4,4,4,4,4,10,4,4,4,4,4,3,4,//32
0,4,4,4,4,4,4,4,4,4,4,4,1,4,//32
2,4,4,4,4,4,4,4,10,4,4,4,3,4,//32
0,10,10,4,4,4,4,4,4,4,4,4,1,4,//32
2,59,63,59,59,62,61,59,64,61,59,64,3,4,//33
0,4,4,4,4,4,4,4,4,4,4,4,1,4,//33
2,4,4,4,4,4,4,4,4,4,4,4,3,4,//33
0,4,4,4,4,4,4,4,19,4,4,4,1,4,//33
2,4,4,4,4,4,4,4,10,4,4,4,3,4,//33
0,4,4,4,4,4,4,4,4,4,4,4,1,4,//33
2,4,4,4,4,9,4,4,4,4,4,4,3,4,//33
0,4,4,4,4,4,4,4,4,4,4,4,16,4,//33
2,11,4,4,4,4,4,4,87,4,4,4,18,4,//33
6,5,5,6,6,5,6,5,6,5,6,5,6,4,//33
2,4,4,4,4,4,4,4,4,4,4,4,3,4,//34
0,4,4,4,4,4,4,4,4,4,4,4,1,4,//34
2,4,4,4,4,4,4,4,4,4,4,4,3,4,//34
0,4,4,4,4,4,4,4,4,9,4,4,1,4,//34
2,4,4,4,4,4,4,4,4,4,4,4,3,4,//34
0,4,4,4,4,4,4,4,4,4,4,4,1,4,//34
2,4,4,4,4,4,4,4,4,4,4,4,3,4,//34
15,4,4,4,4,4,4,11,4,4,4,4,1,4,//34
17,4,4,4,4,4,4,12,4,4,4,4,3,4,//34
6,6,5,6,6,5,6,5,6,5,6,5,6,4,//34
2,59,63,59,60,59,60,63,64,61,59,60,59,4,//35
0,4,4,4,4,4,4,4,4,4,4,4,4,4,//35
2,4,4,4,4,4,4,4,4,4,4,4,4,4,//35
0,4,4,4,4,4,4,4,4,4,4,4,4,4,//35
2,4,4,4,4,4,4,4,4,4,4,4,4,4,//35
0,4,4,4,4,4,4,4,4,4,4,4,4,4,//35
2,4,4,4,4,4,4,4,4,4,4,4,4,4,//35
0,4,4,4,4,4,4,4,11,4,4,4,4,4,//35
2,4,4,4,4,4,4,4,12,4,4,4,4,4,//35
6,6,5,6,6,5,6,5,6,5,6,5,6,4,//35
60,4,4,4,4,4,4,4,4,4,4,4,3,4,//36
4,4,4,4,4,4,4,4,4,4,4,4,1,4,//36
4,4,4,4,4,4,4,84,4,4,4,4,3,4,//36
4,4,4,4,4,4,4,9,4,4,4,4,1,4,//36
4,4,4,4,4,4,4,4,4,4,4,4,3,4,//36
4,4,4,4,4,4,4,4,4,4,4,9,1,4,//36
4,4,4,4,4,4,4,4,4,4,4,4,3,4,//36
4,4,4,4,9,4,4,4,4,4,4,4,1,4,//36
4,4,4,4,4,4,4,84,4,4,4,4,3,4,//36
7,4,4,4,4,4,4,10,4,4,4,4,1,4,//36
2,4,4,4,4,4,4,4,4,4,4,4,3,4,//37
0,4,4,4,4,4,4,4,4,4,4,4,1,4,//37
2,4,4,4,4,4,4,4,4,4,4,4,3,4,//37
0,4,4,4,4,10,4,4,4,4,4,4,1,4,//37
2,4,4,4,4,4,4,4,4,4,4,4,3,4,//37
0,4,4,4,4,4,4,4,4,4,4,4,1,4,//37
2,4,4,4,4,4,4,4,4,4,4,4,3,4,//37
0,4,4,4,4,4,4,11,4,4,4,4,1,4,//37
2,4,4,4,4,4,4,12,22,4,4,4,3,4,//37
6,6,5,6,6,5,6,5,6,5,6,5,6,4,//37
2,38,41,38,39,41,39,38,40,39,41,38,39,4,//38
0,4,4,4,4,85,4,4,4,4,4,4,4,4,//38
2,4,4,4,4,4,4,4,4,4,4,4,4,4,//38
0,4,4,4,4,4,4,4,4,4,4,4,4,4,//38
2,4,4,4,4,4,4,4,47,4,4,4,4,4,//38
0,4,4,4,4,4,4,4,4,4,4,4,4,4,//38
2,4,4,4,4,11,4,4,4,4,4,4,4,4,//38
0,4,4,4,4,12,4,4,4,4,4,4,4,4,//38
2,4,4,4,4,12,4,4,4,4,4,4,4,4,//38
43,43,44,43,44,43,44,43,44,43,44,43,44,4,//38
40,38,39,38,39,38,40,39,38,41,40,38,3,4,//39
4,4,4,4,4,4,4,4,4,4,4,4,1,4,//39
4,4,4,4,4,4,4,4,4,4,4,4,3,4,//39
4,4,4,4,4,4,4,4,4,4,4,4,1,4,//39
4,4,4,4,4,4,4,4,4,4,4,4,3,4,//39
4,4,4,4,4,4,4,4,4,4,4,4,1,4,//39
4,4,4,4,47,4,4,4,4,4,4,4,3,4,//39
4,4,4,4,4,4,4,4,4,4,4,4,16,4,//39
4,4,4,4,4,4,4,4,4,4,4,4,18,4,//39
44,4,4,4,4,4,4,4,48,4,4,4,1,4,//39
2,38,40,38,40,41,40,38,40,39,40,39,3,4,//40
0,4,4,4,4,4,4,4,4,4,4,4,1,4,//40
2,4,4,4,4,4,4,4,4,4,4,4,3,4,//40
0,4,4,4,4,4,4,4,4,4,4,4,1,4,//40
2,85,4,4,4,4,4,43,4,4,4,4,3,4,//40
0,4,4,4,4,4,4,43,4,4,4,4,1,4,//40
2,4,4,4,4,4,4,43,4,4,4,4,3,4,//40
15,4,4,4,4,4,4,43,4,4,4,4,1,4,//40
17,4,4,4,4,4,44,43,44,21,4,4,3,4,//40
43,43,44,43,44,43,44,43,44,43,44,43,44,4,//40
2,39,38,39,40,41,40,39,38,40,39,38,3,4,//41
0,4,4,4,4,4,4,4,4,4,4,4,1,4,//41
2,4,4,4,4,4,4,4,4,4,4,4,3,4,//41
0,4,4,4,4,4,4,4,4,4,4,4,1,4,//41
2,4,4,4,4,4,50,4,4,4,4,4,3,4,//41
0,4,4,4,4,4,4,4,4,4,4,4,1,4,//41
2,4,4,4,4,4,4,4,4,4,4,4,3,4,//41
0,4,4,4,4,4,4,4,4,4,4,4,1,4,//41
2,4,4,4,4,4,4,4,4,51,4,4,3,4,//41
0,4,4,4,4,4,4,4,4,4,4,4,1,4,//41
2,4,4,4,4,4,63,64,4,4,4,4,3,4,//42
0,4,4,4,4,4,4,4,4,4,4,4,1,4,//42
2,4,4,4,4,4,4,4,4,4,4,4,3,4,//42
0,4,4,4,4,4,4,4,4,10,4,4,1,4,//42
2,4,4,4,4,4,4,4,4,4,4,4,3,4,//42
0,4,4,4,4,4,4,10,4,4,4,4,1,4,//42
2,4,4,4,4,4,4,4,4,4,4,4,3,4,//42
0,4,4,4,4,4,4,4,4,4,4,4,1,4,//42
2,4,4,4,4,9,4,4,4,4,4,4,3,4,//42
0,4,4,4,4,4,4,4,4,4,4,4,1,4,//42
2,4,4,4,4,4,63,64,4,4,4,4,3,4,//43
0,4,4,4,4,4,4,4,4,4,4,4,1,4,//43
2,9,4,4,4,4,4,4,4,4,4,4,3,4,//43
0,4,4,4,4,4,4,4,4,4,4,9,1,4,//43
2,4,4,4,4,4,4,4,4,4,4,4,3,4,//43
0,4,4,4,10,4,4,4,4,4,4,4,1,4,//43
2,4,4,4,4,4,4,4,4,4,4,4,3,4,//43
0,4,4,4,4,4,4,9,4,4,4,4,1,4,//43
2,4,4,4,4,4,4,4,4,4,4,4,3,4,//43
0,4,4,10,4,4,4,4,4,4,4,4,1,4,//43
2,4,4,4,4,4,4,4,4,4,4,4,3,4,//44
0,4,4,4,4,4,4,4,4,4,4,4,1,4,//44
2,4,4,4,4,4,4,4,4,4,4,4,3,4,//44
0,4,4,4,4,4,4,4,4,4,4,4,1,4,//44
2,4,4,4,4,4,4,4,4,4,4,4,3,4,//44
0,4,4,4,4,4,4,4,4,4,4,4,1,4,//44
2,4,4,4,4,4,4,4,4,4,4,4,3,4,//44
0,4,4,4,4,4,4,4,4,4,4,4,1,4,//44
2,4,4,4,4,4,4,4,4,4,4,4,3,4,//44
0,4,4,4,4,4,4,4,4,4,4,4,1,4,//44
2,4,4,4,4,4,4,4,4,4,4,4,3,4,//45
0,4,4,4,4,4,4,4,4,4,4,4,1,4,//45
2,4,4,4,4,4,4,4,4,4,4,4,3,4,//45
0,4,4,4,4,4,4,4,10,4,4,4,1,4,//45
2,4,4,4,4,4,4,4,4,4,4,4,3,4,//45
0,4,4,4,4,22,4,4,4,4,4,4,1,4,//45
2,4,4,4,4,11,4,4,4,4,4,4,3,4,//45
0,4,4,4,4,12,4,4,4,4,4,4,1,4,//45
2,4,4,4,4,12,4,4,87,4,4,4,3,4,//45
6,6,5,6,6,5,6,5,6,5,6,5,6,4,//45
2,66,65,66,67,68,69,70,67,69,69,69,3,4,//46
0,4,4,4,4,4,4,4,4,4,4,4,1,4,//46
2,4,4,4,4,4,4,4,4,4,4,4,3,4,//46
0,4,4,4,4,4,4,4,4,4,4,4,1,4,//46
2,4,4,4,4,4,4,4,4,4,4,4,3,4,//46
0,4,4,4,4,4,4,4,4,4,4,4,1,4,//46
2,4,4,4,28,4,4,4,4,4,4,4,3,4,//46
0,4,4,4,4,4,4,4,4,4,4,4,1,4,//46
2,4,4,4,4,4,4,4,4,4,4,4,3,4,//46
0,4,4,4,4,4,4,4,29,4,4,4,1,4,//46
2,4,4,4,4,4,4,4,4,4,4,4,3,4,//47
0,4,4,4,4,4,4,4,4,4,4,4,1,4,//47
2,4,4,4,4,4,4,4,4,4,4,4,3,4,//47
0,4,4,4,4,4,4,10,4,4,4,4,1,4,//47
2,4,4,4,4,4,4,4,4,4,4,4,3,4,//47
0,4,4,4,4,4,4,4,4,4,4,4,1,4,//47
2,4,4,4,4,4,4,4,4,11,4,4,3,4,//47
0,4,4,4,4,4,4,4,4,12,4,4,1,4,//47
2,4,4,4,4,83,4,4,4,12,4,4,3,4,//47
6,6,5,6,6,5,6,5,6,5,6,5,6,4,//47
2,4,4,4,4,4,4,4,4,4,4,4,3,4,//48
0,4,4,4,4,4,4,4,4,4,4,4,1,4,//48
2,4,4,4,4,4,4,4,4,4,4,4,3,4,//48
0,4,4,4,4,4,4,9,4,4,4,4,1,4,//48
2,4,4,4,4,4,4,4,4,4,4,4,3,4,//48
0,4,4,4,4,4,4,4,4,4,4,4,1,4,//48
2,4,4,4,4,9,4,4,4,4,4,4,3,4,//48
15,4,4,4,4,4,4,4,4,4,4,4,1,4,//48
17,4,4,4,4,4,81,4,4,4,4,4,3,4,//48
6,6,5,6,6,5,6,5,6,5,6,5,6,4,//48
2,39,38,39,38,38,39,40,38,41,39,41,3,4,//49
0,4,4,4,4,4,4,4,4,4,4,4,1,4,//49
2,4,4,4,4,4,4,4,4,4,4,4,3,4,//49
0,4,4,4,4,4,4,4,4,4,4,4,1,4,//49
2,4,4,4,4,4,4,4,4,4,4,4,3,4,//49
0,4,4,4,4,47,4,4,4,4,4,4,1,4,//49
2,4,4,4,4,4,4,4,4,4,4,4,3,4,//49
0,4,4,4,4,4,4,4,4,4,4,4,16,4,//49
2,4,4,4,4,4,4,4,4,4,4,4,18,4,//49
43,43,44,43,44,43,4,4,44,43,44,43,44,4,//49
2,41,38,41,40,38,40,39,41,38,39,40,38,4,//50
0,4,4,4,4,4,4,4,4,4,4,4,4,4,//50
2,4,4,4,4,4,4,4,4,4,4,4,4,4,//50
0,4,4,4,4,4,4,4,4,4,4,4,4,4,//50
2,4,4,4,4,4,4,4,4,4,4,4,4,4,//50
0,4,4,4,4,4,4,4,4,4,4,4,4,4,//50
2,4,4,4,4,4,4,4,4,48,4,4,4,4,//50
15,4,4,4,4,4,4,4,4,4,4,4,4,4,//50
17,4,4,4,4,80,4,4,4,4,4,4,4,4,//50
44,44,43,44,43,44,43,44,43,44,43,44,43,4,//50
38,41,39,41,39,38,39,40,39,38,39,40,3,4,//51
4,4,4,4,4,4,4,4,4,4,4,4,1,4,//51
4,4,4,4,4,4,4,4,4,4,4,4,3,4,//51
4,4,4,4,4,4,47,4,4,4,4,4,1,4,//51
4,4,4,4,4,4,4,4,4,4,4,4,3,4,//51
4,4,4,4,4,4,4,4,4,4,4,4,1,4,//51
4,4,4,4,4,4,4,4,4,4,4,4,3,4,//51
4,4,4,4,4,4,4,4,4,4,4,4,1,4,//51
4,4,4,4,4,4,4,4,4,48,4,4,3,4,//51
43,4,4,4,4,4,4,4,4,4,4,4,1,4,//51
2,4,4,4,4,4,4,4,4,4,4,4,63,4,//52
0,4,4,4,4,4,4,4,4,4,4,4,4,4,//52
2,4,4,4,4,4,4,4,4,4,4,4,4,4,//52
0,4,4,4,4,10,4,4,4,4,4,4,4,4,//52
2,4,4,4,4,4,4,4,4,4,4,4,4,4,//52
0,4,4,4,4,4,4,4,4,4,4,4,4,4,//52
2,11,4,4,4,4,4,4,4,4,4,4,4,4,//52
0,12,4,4,4,4,4,4,11,4,4,4,4,4,//52
2,12,4,4,4,4,4,4,12,4,4,4,4,4,//52
6,5,6,6,6,5,6,5,6,5,6,5,6,4,//52
57,64,61,61,59,60,63,64,58,59,59,64,3,4,//53
4,4,4,4,4,4,4,4,4,4,4,4,1,4,//53
4,4,4,4,4,4,4,4,4,4,4,4,3,4,//53
4,4,4,4,4,4,4,4,4,4,4,4,1,4,//53
4,4,4,4,4,4,4,4,4,4,4,4,3,4,//53
4,4,4,4,4,4,4,4,4,4,4,4,1,4,//53
4,20,4,4,4,4,4,4,4,4,4,4,3,4,//53
4,9,4,4,4,4,4,4,4,4,4,4,16,4,//53
4,4,4,4,4,4,4,4,4,4,4,4,18,4,//53
6,5,5,6,6,5,6,5,6,5,6,5,6,4,//53
2,58,58,57,59,59,58,60,62,59,58,60,3,4,//54
0,4,4,4,4,4,4,4,4,4,4,4,1,4,//54
2,4,4,4,4,4,4,4,4,4,4,4,3,4,//54
0,4,4,4,4,4,4,4,4,4,4,4,1,4,//54
2,4,4,4,4,4,4,4,4,4,4,4,3,4,//54
0,4,4,4,4,4,4,4,4,4,4,4,1,4,//54
2,4,4,4,4,4,4,4,4,4,4,4,3,4,//54
15,4,4,4,4,4,4,4,4,4,4,4,1,4,//54
17,4,4,4,4,4,4,4,4,4,4,4,3,4,//54
0,4,4,4,9,4,4,4,4,4,4,4,1,4,//54
2,4,4,4,4,4,4,4,4,4,4,4,38,4,//55
0,4,4,4,4,4,4,4,4,4,4,4,4,4,//55
2,4,4,4,4,4,4,4,4,4,4,47,4,4,//55
0,4,4,4,4,47,4,4,4,4,4,4,4,4,//55
2,4,4,4,4,4,4,4,4,4,4,4,4,4,//55
0,4,4,4,4,4,4,4,4,4,4,4,4,4,//55
2,4,4,4,4,4,4,4,4,4,4,4,4,4,//55
0,4,4,4,4,4,4,11,4,4,4,4,4,4,//55
2,4,4,4,4,4,4,12,4,4,4,4,4,4,//55
0,4,4,4,44,43,44,43,44,43,44,43,44,4,//55
38,40,40,38,41,38,39,38,39,38,40,38,40,4,//56
4,4,4,4,4,4,4,4,4,4,4,4,4,4,//56
4,4,4,4,4,4,4,4,4,4,4,4,4,4,//56
4,4,4,4,4,4,4,4,4,4,4,4,4,4,//56
4,4,4,4,4,4,4,4,4,4,4,4,4,4,//56
4,4,4,4,4,4,4,4,4,48,4,4,4,4,//56
4,4,4,4,4,4,4,4,4,4,4,4,4,4,//56
4,4,4,4,4,4,11,4,4,4,4,4,4,4,//56
87,4,4,4,4,4,12,4,81,4,4,4,87,4,//56
43,44,44,43,44,43,44,43,44,43,44,43,44,4,//56
38,4,4,4,4,4,4,4,4,4,4,4,3,4,//57
4,4,4,4,4,4,4,4,4,4,4,4,1,4,//57
4,4,4,4,4,4,4,4,4,4,4,4,3,4,//57
4,4,4,4,4,4,47,4,4,4,4,4,1,4,//57
4,4,4,4,4,4,4,4,4,4,4,4,3,4,//57
4,4,4,4,4,4,4,4,4,4,4,4,1,4,//57
4,4,4,11,4,4,4,4,4,4,4,4,3,4,//57
4,4,4,12,4,4,4,4,4,4,4,4,16,4,//57
4,4,4,12,4,4,4,83,4,4,4,4,18,4,//57
43,44,44,43,44,43,44,43,44,43,44,43,44,4,//57
2,4,4,4,4,4,4,4,4,4,4,4,4,4,//58
0,4,4,4,4,4,4,4,4,4,4,4,4,4,//58
2,4,4,4,4,4,4,4,4,4,4,4,4,4,//58
0,10,4,4,4,4,4,4,4,4,4,4,4,4,//58
2,4,4,4,4,4,4,4,4,4,4,4,4,4,//58
0,4,4,4,4,4,4,4,4,4,4,4,4,4,//58
2,4,4,4,4,4,11,4,4,4,4,4,4,4,//58
15,4,4,4,4,4,12,4,4,4,4,4,4,4,//58
17,4,4,4,4,4,12,4,4,11,4,4,4,4,//58
6,5,5,6,6,5,6,5,6,5,6,5,6,4,//58
60,4,4,4,4,4,4,4,4,4,4,4,3,4,//59
4,4,4,4,4,4,4,4,4,4,4,4,1,4,//59
4,4,4,4,4,4,4,4,4,4,4,4,3,4,//59
4,4,4,4,4,4,4,4,4,4,4,4,1,4,//59
4,4,4,4,4,4,4,4,4,4,4,4,3,4,//59
4,4,4,4,4,4,4,11,4,4,4,4,1,4,//59
4,4,4,11,4,4,4,12,4,4,4,10,3,4,//59
4,4,4,12,4,4,4,12,4,4,4,4,1,4,//59
4,4,4,12,4,4,4,12,4,4,4,4,3,4,//59
6,5,5,6,6,5,6,5,6,7,4,4,1,4,//59
2,4,4,4,4,4,4,4,4,4,4,4,3,4,//60
0,4,4,4,4,4,4,4,4,4,4,4,1,4,//60
2,4,4,4,4,4,4,4,4,4,4,4,3,4,//60
0,4,4,4,4,4,4,4,4,4,4,4,1,4,//60
2,4,4,4,4,4,4,4,4,4,4,4,3,4,//60
0,4,4,4,4,4,4,4,4,4,4,4,1,4,//60
2,4,4,4,4,4,4,4,4,4,4,4,3,4,//60
0,4,4,4,4,4,4,4,4,4,4,4,1,4,//60
2,4,4,4,4,4,4,4,4,4,4,4,3,4,//60
0,4,4,4,4,4,4,4,4,4,4,4,1,4,//60
2,63,63,57,59,62,63,64,61,60,58,60,3,4,//61
0,4,4,4,4,4,4,4,4,4,4,4,1,4,//61
2,4,4,4,4,4,4,4,4,4,4,4,3,4,//61
0,4,4,4,4,4,4,4,4,4,4,4,1,4,//61
2,4,4,4,4,4,4,4,4,4,4,4,3,4,//61
0,4,4,4,4,4,4,4,4,4,4,4,1,4,//61
2,4,4,4,4,4,4,4,4,4,4,4,3,4,//61
0,4,4,4,22,4,4,4,4,4,4,4,16,4,//61
2,4,4,4,9,4,4,4,4,4,4,4,18,4,//61
0,4,4,4,4,4,4,4,4,4,4,4,1,4,//61
2,4,4,4,4,4,4,4,4,4,4,4,3,4,//62
0,4,4,4,4,4,4,4,4,4,4,4,1,4,//62
2,4,4,4,4,4,4,4,4,4,4,4,3,4,//62
0,4,4,4,28,4,4,4,4,4,4,4,1,4,//62
2,4,4,4,4,4,4,4,4,4,4,4,3,4,//62
0,4,4,4,4,4,4,4,4,4,4,4,1,4,//62
2,4,4,4,4,4,4,4,29,4,4,4,3,4,//62
15,4,4,4,4,4,4,4,4,4,4,4,1,4,//62
17,4,4,4,4,4,4,4,4,4,4,4,3,4,//62
0,4,4,28,4,4,4,4,4,4,4,4,1,4,//62
2,57,57,59,60,63,64,61,59,60,63,64,3,4,//63
0,4,4,4,4,4,4,4,4,4,4,4,1,4,//63
2,4,4,4,4,4,4,4,4,4,4,4,3,4,//63
0,10,4,4,4,4,4,10,4,4,4,4,1,4,//63
2,4,4,4,4,4,4,4,4,4,4,4,3,4,//63
0,4,4,4,4,4,4,4,4,4,4,4,1,4,//63
2,4,4,4,4,4,4,4,4,9,4,4,3,4,//63
0,4,4,4,10,4,4,4,4,4,4,4,16,4,//63
2,4,4,4,4,4,4,83,4,4,4,4,18,4,//63
6,5,5,6,6,5,6,5,6,5,6,5,6,4,//63
2,4,4,4,4,4,4,4,4,4,4,4,4,4,//64
0,4,4,4,4,4,4,4,4,4,4,4,4,4,//64
2,4,4,4,4,4,4,4,4,4,4,4,4,4,//64
0,4,4,4,4,4,4,4,4,22,4,4,4,4,//64
2,4,4,4,4,4,4,4,4,10,4,4,4,4,//64
0,4,4,4,4,4,4,4,4,4,4,4,4,4,//64
2,4,4,4,4,4,4,4,4,4,4,4,4,4,//64
0,4,4,4,4,11,4,4,4,4,4,4,4,4,//64
2,4,4,4,4,12,4,4,4,82,4,4,4,4,//64
6,5,5,6,6,5,6,5,6,5,6,5,6,4,//64
4,4,4,4,4,4,4,4,4,4,4,4,3,4,//65
4,4,4,4,4,4,4,4,4,4,4,4,1,4,//65
4,4,4,4,4,4,4,4,4,4,4,4,3,4,//65
4,4,4,4,4,4,4,10,4,4,4,4,1,4,//65
4,4,4,4,4,4,4,4,4,4,4,4,3,4,//65
4,4,4,4,4,4,4,4,4,4,4,4,1,4,//65
4,4,4,4,10,4,4,4,4,4,4,4,3,4,//65
4,4,4,4,4,4,4,4,4,4,4,4,1,4,//65
4,4,4,4,4,4,4,81,4,4,4,4,3,4,//65
5,6,5,6,6,5,6,5,6,5,6,5,6,4,//65
4,4,4,4,4,4,4,4,4,4,4,4,4,4,//66
4,4,4,4,4,4,4,4,4,4,4,4,4,4,//66
4,4,4,4,4,4,4,4,4,4,4,4,4,4,//66
4,4,4,4,4,4,4,4,4,4,4,4,4,4,//66
4,4,4,4,4,4,4,4,4,4,4,4,4,4,//66
4,4,4,4,4,4,4,4,4,4,4,4,4,4,//66
4,4,4,4,4,4,4,4,4,4,4,4,4,4,//66
4,4,4,4,4,4,4,4,4,4,4,4,4,4,//66
4,4,4,4,4,4,4,4,4,4,4,4,4,4,//66
4,4,4,4,4,4,4,4,4,4,4,4,4,4,//66
2,4,4,4,4,4,4,4,4,4,4,4,3,4,//67
0,4,4,4,4,4,4,4,4,4,4,4,1,4,//67
2,4,4,4,4,47,4,4,4,4,4,4,3,4,//67
0,4,4,4,4,4,4,4,4,4,4,4,1,4,//67
2,4,4,4,4,4,4,4,4,4,4,4,3,4,//67
0,4,4,4,4,4,4,4,47,4,4,4,1,4,//67
2,4,4,4,4,4,4,4,4,4,4,4,3,4,//67
0,4,4,4,4,4,4,4,4,4,4,4,1,4,//67
2,4,4,4,4,4,4,4,4,4,4,47,3,4,//67
0,4,4,4,4,4,4,4,4,4,4,4,1,4,//67
2,38,38,39,41,40,39,38,39,41,40,39,38,4,//68
0,4,4,4,4,4,4,4,4,4,4,4,4,4,//68
2,4,4,4,4,4,4,4,4,4,4,4,4,4,//68
0,4,4,4,4,4,4,4,4,4,4,4,4,4,//68
2,4,4,4,4,4,4,4,4,4,4,4,4,4,//68
0,4,4,4,4,4,4,4,4,4,4,4,4,4,//68
2,4,4,4,4,4,4,4,4,4,4,4,4,4,//68
0,4,4,4,4,4,4,4,4,4,4,4,4,4,//68
2,4,4,4,4,4,4,4,4,4,4,4,4,4,//68
0,4,4,4,4,43,44,43,44,43,44,4,43,4,//68
41,40,40,41,38,39,41,38,39,39,38,41,3,4,//69
4,4,4,4,4,4,4,4,4,4,4,4,1,4,//69
4,4,4,4,4,4,4,4,22,4,4,4,3,4,//69
4,4,4,4,4,4,4,4,48,4,4,4,1,4,//69
4,4,4,4,4,4,4,4,4,4,4,4,3,4,//69
4,4,4,4,4,4,4,4,4,4,4,4,1,4,//69
4,4,4,4,47,4,4,4,4,4,4,4,3,4,//69
4,4,4,4,4,4,4,4,4,4,4,4,1,4,//69
4,4,4,4,4,4,81,4,4,4,4,4,3,4,//69
43,44,44,43,44,43,44,43,44,43,44,43,44,4,//69
2,4,4,4,4,4,4,4,4,4,4,4,3,4,//70
0,4,4,4,4,4,4,4,4,4,4,4,1,4,//70
2,4,4,4,4,4,4,4,4,4,4,4,3,4,//70
0,4,4,4,4,4,4,4,9,4,4,4,1,4,//70
2,4,4,4,4,4,4,4,4,4,4,4,3,4,//70
0,4,4,4,4,4,22,4,4,4,4,4,1,4,//70
2,4,4,4,4,4,11,4,4,4,4,4,3,4,//70
0,4,4,4,4,4,12,4,4,4,4,4,1,4,//70
2,4,4,80,4,4,12,4,4,83,4,4,3,4,//70
6,5,5,6,6,5,6,5,6,5,6,5,6,4,//70
2,4,4,4,4,4,41,39,40,38,38,39,3,4,//71
0,4,4,4,4,4,4,4,4,4,4,4,1,4,//71
2,48,4,4,4,4,4,4,4,4,4,4,3,4,//71
0,4,4,4,4,4,4,4,4,4,4,4,1,4,//71
2,4,4,47,4,4,4,4,4,4,4,4,3,4,//71
0,4,4,4,4,4,4,4,47,4,4,4,1,4,//71
2,4,4,4,4,4,4,4,4,4,4,4,3,4,//71
0,4,4,4,4,4,4,4,4,4,4,4,1,4,//71
2,4,4,4,4,48,4,4,4,4,4,4,3,4,//71
0,4,4,4,4,4,4,4,4,4,4,4,1,4,//71
2,57,57,58,59,60,61,62,63,64,58,59,60,4,//72
0,4,4,4,4,4,4,4,4,4,4,4,4,4,//72
2,4,4,4,4,4,4,4,4,4,4,4,4,4,//72
0,85,4,4,4,4,4,4,4,4,4,4,4,4,//72
2,4,4,4,4,4,4,4,4,4,4,4,4,4,//72
0,4,4,22,4,4,4,4,4,4,4,4,4,4,//72
2,4,4,11,4,4,4,4,4,4,11,4,4,4,//72
0,4,4,12,4,4,4,11,4,4,12,4,4,4,//72
2,4,4,12,4,4,4,12,4,4,12,4,4,4,//72
6,5,5,6,6,5,6,5,6,5,6,5,6,4,//72
63,57,57,58,60,63,58,60,59,63,58,59,60,4,//73
4,4,4,4,4,4,4,4,4,4,4,4,4,4,//73
4,4,4,4,4,4,4,4,4,4,4,4,4,4,//73
4,4,4,4,4,4,4,4,4,4,4,4,4,4,//73
4,4,4,4,4,4,4,4,4,4,4,4,4,4,//73
4,9,4,4,4,10,4,4,4,4,4,4,4,4,//73
4,4,4,4,4,4,4,4,4,4,4,4,4,4,//73
4,4,4,4,4,4,4,4,11,4,4,4,4,4,//73
4,4,4,4,4,4,4,4,12,4,4,4,4,4,//73
7,4,4,4,4,8,6,5,6,5,6,5,6,4,//73
58,59,60,63,63,58,64,58,60,63,58,64,3,4,//74
4,4,85,4,4,4,4,4,4,4,4,4,1,4,//74
4,4,4,4,4,4,4,4,4,4,4,4,3,4,//74
4,4,4,4,4,4,4,4,4,4,4,4,1,4,//74
4,4,4,4,4,4,4,4,4,4,4,4,3,4,//74
4,4,4,4,9,4,4,4,4,4,4,4,1,4,//74
4,4,4,4,4,4,4,4,4,4,4,4,3,4,//74
4,4,4,4,4,4,4,4,11,4,4,4,1,4,//74
4,4,4,4,4,4,4,4,12,4,4,4,3,4,//74
6,5,5,6,6,5,6,5,6,5,6,5,6,4,//74
2,57,57,58,59,60,61,62,4,4,4,4,3,4,//75
0,4,4,4,85,4,4,4,4,4,4,4,1,4,//75
2,4,4,4,4,4,4,4,4,4,4,4,3,4,//75
0,4,4,4,4,4,4,4,4,4,4,10,1,4,//75
2,4,4,4,4,4,4,4,4,22,4,4,3,4,//75
0,4,4,4,4,4,4,4,4,9,4,4,1,4,//75
2,4,4,4,4,4,4,4,4,4,4,4,3,4,//75
0,4,4,4,4,4,4,4,4,4,4,4,1,4,//75
2,4,4,4,4,4,4,4,4,4,4,4,3,4,//75
6,5,5,6,6,5,6,5,6,5,6,5,6,4,//75
2,4,4,4,4,4,4,4,4,4,4,4,3,4,//76
0,4,4,4,4,4,4,4,4,4,4,4,1,4,//76
2,4,4,4,4,4,4,4,4,4,4,4,3,4,//76
0,4,4,4,4,4,4,4,4,4,4,4,1,4,//76
2,4,4,4,4,4,4,4,4,4,4,4,3,4,//76
0,4,4,4,4,4,4,4,4,4,4,4,1,4,//76
2,4,4,4,4,4,4,4,4,4,4,4,3,4,//76
0,4,4,4,4,4,4,4,4,4,4,4,1,4,//76
2,4,4,4,4,4,4,4,4,4,4,4,3,4,//76
0,4,4,4,4,4,4,4,4,4,4,4,1,4,//76
2,4,4,4,4,4,4,4,4,4,4,4,3,4,//77
0,4,4,4,4,4,4,4,4,4,4,4,1,4,//77
2,4,4,4,4,4,4,4,10,4,4,4,3,4,//77
0,4,4,4,4,4,4,4,4,4,4,4,1,4,//77
2,4,4,4,4,4,4,4,4,4,4,4,3,4,//77
0,4,4,4,4,4,4,4,4,4,9,4,1,4,//77
2,4,4,4,10,4,4,4,4,4,4,4,3,4,//77
0,4,4,4,4,4,4,4,4,4,4,4,1,4,//77
2,4,4,4,4,4,4,4,4,4,4,4,3,4,//77
0,4,4,4,4,4,4,4,10,4,4,4,1,4,//77
2,4,4,4,4,4,4,4,4,4,4,4,4,4,//78
0,4,4,4,4,4,4,4,4,4,4,4,4,4,//78
2,4,4,4,4,4,4,4,4,4,4,4,4,4,//78
0,4,4,4,4,4,4,4,4,4,4,4,4,4,//78
2,4,4,4,4,4,4,28,4,4,4,4,4,4,//78
0,4,4,4,4,4,4,4,4,4,4,4,4,4,//78
2,4,4,4,11,4,4,4,4,4,4,4,4,4,//78
0,4,4,4,12,4,4,4,4,4,4,4,4,4,//78
2,4,4,4,12,4,4,4,4,4,11,4,4,4,//78
24,25,25,26,25,25,24,25,24,25,24,26,25,4,//78
65,66,66,67,68,69,70,68,66,68,69,66,3,4,//79
4,4,4,4,4,4,4,4,4,4,4,4,1,4,//79
4,4,4,4,4,4,4,4,4,4,4,4,3,4,//79
4,4,4,4,4,4,4,4,4,4,4,4,1,4,//79
4,4,4,4,4,4,4,4,4,4,4,4,3,4,//79
4,4,4,4,4,4,4,4,4,4,4,4,1,4,//79
4,4,4,4,4,4,4,22,4,4,4,4,3,4,//79
4,4,4,4,4,4,4,11,4,4,4,4,1,4,//79
4,4,4,4,4,4,4,12,4,4,4,4,3,4,//79
24,25,25,26,24,25,26,24,25,26,4,4,1,4,//79
2,66,66,67,65,69,70,67,65,69,70,67,69,4,//80
0,4,4,4,4,4,4,4,4,4,4,4,4,4,//80
2,4,4,4,4,4,4,4,4,4,4,4,4,4,//80
0,4,4,4,4,4,4,4,4,4,4,4,4,4,//80
2,4,4,4,4,4,4,4,4,4,4,4,4,4,//80
0,4,4,4,4,4,4,4,4,4,4,4,4,4,//80
2,4,4,4,4,4,4,4,4,4,4,4,4,4,//80
0,4,4,4,4,4,4,4,4,4,4,4,4,4,//80
2,4,4,4,4,4,4,4,4,4,4,29,4,4,//80
0,4,4,4,4,4,4,28,4,4,4,4,4,4,//80
66,67,67,68,70,69,68,68,66,69,70,68,66,4,//81
4,4,4,4,4,4,4,4,4,4,4,4,4,4,//81
4,4,4,4,4,4,4,4,4,4,4,4,4,4,//81
4,4,4,4,4,4,4,4,4,4,4,4,4,4,//81
4,4,4,4,29,4,4,4,4,4,4,4,4,4,//81
4,4,4,4,4,4,4,4,4,4,4,4,4,4,//81
4,4,4,4,4,4,4,4,4,4,4,4,4,4,//81
4,4,4,4,4,4,4,4,24,4,4,4,4,4,//81
4,24,4,4,4,4,4,4,4,4,4,4,4,4,//81
4,4,4,4,4,4,4,4,4,4,4,4,26,4,//81
65,66,66,67,69,67,69,66,67,66,69,67,3,4,//82
4,4,4,4,4,4,4,4,4,4,4,4,1,4,//82
4,4,4,4,4,4,4,4,4,4,4,4,3,4,//82
4,4,4,4,4,4,4,4,4,86,4,4,1,4,//82
4,4,4,4,4,4,4,4,4,4,4,4,3,4,//82
4,4,4,4,86,4,4,4,4,4,4,4,1,4,//82
4,4,4,4,4,4,4,4,4,4,4,4,3,4,//82
4,4,4,4,4,4,4,86,4,4,4,4,1,4,//82
4,4,4,4,4,4,4,4,4,4,4,4,3,4,//82
26,4,4,4,4,4,4,4,4,26,4,4,1,4,//82
2,4,4,4,4,4,4,4,4,4,4,4,4,4,//83
0,4,4,4,4,4,4,4,4,4,4,4,4,4,//83
2,4,4,4,4,86,4,4,4,4,47,4,4,4,//83
0,4,4,4,4,4,4,4,4,4,4,86,4,4,//83
2,4,4,4,4,4,4,4,86,4,4,4,4,4,//83
0,4,4,4,4,4,4,4,4,4,4,4,4,4,//83
2,4,4,4,4,4,11,4,4,4,4,4,4,4,//83
0,4,4,4,4,4,12,4,4,4,4,4,4,4,//83
2,4,4,4,4,4,12,4,4,4,4,4,4,4,//83
43,44,44,43,44,43,44,43,44,43,44,43,44,4,//83
38,4,4,4,4,4,39,40,39,4,4,4,40,4,//84
4,4,4,4,4,4,4,4,4,4,4,4,4,4,//84
47,4,4,4,4,4,4,4,4,4,4,4,4,4,//84
4,4,4,4,4,4,4,4,4,4,4,4,4,4,//84
4,4,4,4,4,4,4,4,4,4,4,48,4,4,//84
4,4,4,4,4,4,4,4,4,4,4,4,4,4,//84
4,4,4,4,4,47,4,4,4,4,4,4,4,4,//84
4,4,4,4,4,4,4,4,4,11,4,4,4,4,//84
4,4,4,4,4,4,4,4,4,12,4,4,4,4,//84
44,43,44,43,44,43,44,43,44,43,44,43,44,4,//84
41,40,41,40,39,41,40,39,38,39,38,39,3,4,//85
4,4,4,4,4,4,4,4,4,4,4,4,1,4,//85
4,4,4,4,4,4,4,4,4,4,4,4,3,4,//85
4,4,4,4,4,4,4,4,4,4,4,4,1,4,//85
4,4,4,4,4,4,4,4,4,4,4,4,3,4,//85
4,4,4,4,4,4,4,4,4,4,4,4,1,4,//85
4,4,4,4,4,4,4,4,4,4,4,4,3,4,//85
4,4,4,11,4,4,4,4,4,4,4,4,1,4,//85
4,4,4,12,4,4,4,11,4,4,4,4,3,4,//85
43,44,44,43,44,43,44,43,44,43,4,4,1,4,//85
0,4,4,4,4,4,4,4,4,4,4,4,4,4,//86
2,4,4,4,4,4,4,4,4,4,4,4,4,4,//86
0,4,4,4,4,4,4,4,4,4,4,4,4,4,//86
2,4,4,4,4,4,4,4,4,4,4,4,4,4,//86
0,4,4,4,4,4,4,4,4,4,4,4,4,4,//86
2,4,4,4,4,4,4,4,10,4,4,4,4,4,//86
0,4,4,4,4,4,4,4,4,4,4,4,4,4,//86
2,4,4,4,4,4,4,4,4,4,4,4,4,4,//86
0,4,4,4,4,10,4,4,4,4,4,4,4,4,//86
2,4,4,4,4,4,4,4,4,4,4,8,6,4,//86
4,4,4,4,4,4,4,4,4,4,4,4,4,4,//87
4,4,4,4,4,4,4,4,4,4,4,4,4,4,//87
4,4,4,4,4,4,4,4,4,4,4,4,4,4,//87
4,4,4,4,4,4,4,10,4,4,4,4,4,4,//87
4,4,4,4,4,4,4,4,4,4,4,4,4,4,//87
4,4,4,4,4,4,4,4,4,4,4,4,4,4,//87
4,4,4,4,10,4,4,4,4,4,4,4,4,4,//87
4,4,4,4,4,4,4,4,4,4,4,4,4,4,//87
4,4,4,4,4,4,4,4,4,4,4,4,4,4,//87
6,6,6,6,6,6,6,6,6,6,6,6,6,4,//87
4,4,4,4,4,4,4,4,4,4,4,4,3,4,//88
4,4,4,4,4,4,4,4,4,4,4,4,1,4,//88
4,4,4,4,4,4,4,4,4,4,4,4,3,4,//88
4,4,4,4,4,4,4,4,4,4,4,4,1,4,//88
4,4,4,4,4,4,4,4,4,4,4,4,3,4,//88
4,4,4,4,4,4,4,4,10,4,4,4,1,4,//88
4,4,4,4,4,4,4,4,4,4,4,4,3,4,//88
4,4,4,4,4,4,4,4,4,4,4,4,16,4,//88
4,4,4,4,10,4,4,4,4,4,4,4,18,4,//88
7,4,4,4,4,4,4,4,4,4,4,4,1,4,//88
2,4,4,4,4,4,4,4,4,4,4,4,4,4,//89
0,4,4,4,4,4,4,4,4,4,4,4,4,4,//89
2,4,4,4,4,4,4,4,4,4,4,4,4,4,//89
0,4,4,4,4,4,4,4,4,4,4,4,4,4,//89
2,4,4,4,9,4,4,4,4,4,4,4,4,4,//89
0,4,4,4,4,4,4,4,4,4,4,4,4,4,//89
2,4,4,4,4,4,4,4,10,4,4,4,4,4,//89
15,4,4,4,4,4,4,4,4,4,4,4,4,4,//89
17,4,4,4,4,4,4,4,4,4,4,4,4,4,//89
0,4,4,4,4,9,4,4,4,4,4,8,6,4,//89
4,4,4,4,4,4,4,4,4,4,4,4,1,4,//90
4,4,4,4,4,4,4,4,4,4,4,4,3,4,//90
4,4,4,4,4,4,4,4,4,4,4,4,1,4,//90
4,4,4,4,4,4,4,4,4,4,4,4,3,4,//90
4,4,4,4,4,4,4,4,4,4,4,4,1,4,//90
4,4,4,4,4,4,4,4,4,4,4,4,3,4,//90
4,4,4,4,4,4,4,22,4,4,4,4,1,4,//90
4,4,4,4,4,4,4,9,4,4,4,4,18,4,//90
4,4,4,4,4,4,4,4,4,4,4,4,16,4,//90
7,4,4,4,4,4,4,4,4,4,4,4,3,4,//90
0,4,4,4,4,4,4,4,4,4,4,4,3,4,//91
2,4,4,4,4,4,4,4,4,4,4,4,1,4,//91
0,4,4,4,4,4,4,4,4,4,4,4,3,4,//91
2,4,4,4,22,4,4,4,4,4,4,4,1,4,//91
0,4,4,4,9,4,4,4,4,4,4,4,3,4,//91
2,4,4,4,4,4,4,4,4,4,4,4,1,4,//91
0,4,4,4,4,4,4,4,4,4,4,4,3,4,//91
17,4,4,4,4,4,4,11,4,4,4,4,1,4,//91
15,4,4,4,4,4,4,12,4,4,4,4,3,4,//91
6,6,6,6,6,6,6,6,6,6,6,6,6,4,//91
2,4,4,4,4,4,4,4,4,4,4,4,4,4,//92
0,4,4,4,4,4,4,4,4,4,4,4,4,4,//92
2,4,4,4,4,4,4,4,4,4,4,4,4,4,//92
0,4,4,4,4,4,4,4,4,4,4,4,4,4,//92
2,4,4,4,4,4,4,4,4,4,4,4,4,4,//92
0,4,4,4,4,4,4,4,4,4,4,4,4,4,//92
2,4,4,4,4,4,4,4,4,4,4,4,4,4,//92
0,4,4,4,4,4,4,4,4,4,4,4,4,4,//92
2,4,4,4,4,4,4,4,4,4,4,4,4,4,//92
6,6,6,6,6,6,6,6,6,6,6,6,6,4,//92
4,4,4,4,4,4,4,4,4,4,4,4,3,4,//93
4,4,4,4,4,4,4,4,4,4,4,4,1,4,//93
4,4,4,4,4,4,4,4,4,4,4,4,3,4,//93
4,4,4,4,10,4,4,4,4,4,4,4,1,4,//93
4,4,4,4,4,4,4,4,4,4,4,4,3,4,//93
4,4,4,4,4,4,4,4,4,4,4,4,1,4,//93
4,4,4,4,4,4,4,9,4,4,4,4,3,4,//93
4,4,4,4,4,4,4,4,4,4,4,4,1,4,//93
4,4,4,4,4,4,4,4,4,4,4,4,3,4,//93
6,6,6,6,6,6,6,6,6,6,6,6,6,4,//93
2,65,65,66,67,68,69,70,67,65,68,69,71,4,//94
0,4,4,4,4,4,4,4,4,4,4,4,4,4,//94
2,4,4,4,4,4,4,4,4,4,4,4,4,4,//94
0,4,4,4,4,4,4,4,4,4,4,4,4,4,//94
2,4,4,4,4,4,4,4,4,4,4,4,4,4,//94
0,4,4,4,4,4,4,4,4,4,4,4,4,4,//94
2,4,4,4,4,4,4,4,4,4,4,4,4,4,//94
0,4,4,4,4,4,4,4,4,4,4,4,4,4,//94
2,4,4,4,4,4,4,4,4,4,4,4,4,4,//94
24,25,25,26,24,25,26,24,25,26,24,25,26,4,//94
4,4,4,4,4,4,4,4,4,4,4,4,1,4,//95
4,4,4,4,4,4,4,4,4,4,4,4,3,4,//95
4,4,4,4,4,4,4,4,4,4,4,4,1,4,//95
4,4,4,4,4,4,4,4,4,4,4,4,3,4,//95
4,4,4,4,4,4,4,4,4,4,4,29,1,4,//95
4,4,4,4,4,4,4,4,4,4,4,4,3,4,//95
4,4,4,4,4,4,4,4,4,4,4,4,1,4,//95
4,4,4,4,28,4,4,4,4,4,4,4,3,4,//95
4,4,4,4,4,4,4,4,28,4,4,4,1,4,//95
24,4,4,4,4,4,4,4,4,4,4,4,3,4,//95
2,4,4,4,4,4,4,4,4,4,4,4,4,4,//96
0,4,4,4,4,4,4,4,4,4,4,4,4,4,//96
2,20,4,4,4,4,4,4,4,4,4,4,4,4,//96
0,28,4,4,4,4,4,4,4,4,4,4,4,4,//96
2,4,4,4,4,4,4,4,4,4,4,4,4,4,//96
0,4,4,4,4,4,4,4,4,4,4,4,4,4,//96
2,4,4,4,4,4,4,4,4,11,4,4,4,4,//96
15,4,4,4,4,4,4,4,4,12,4,4,4,4,//96
17,4,4,4,4,4,4,4,4,12,4,4,4,4,//96
24,25,25,26,24,25,26,24,25,26,24,25,26,4,//96
4,4,4,4,4,4,4,4,4,4,4,4,3,4,//97
4,4,4,4,4,4,4,4,4,4,4,4,1,4,//97
4,4,4,4,4,4,4,4,4,4,4,4,3,4,//97
4,4,4,4,4,29,4,4,4,4,4,4,1,4,//97
4,4,4,4,4,4,4,4,4,4,4,4,3,4,//97
4,4,28,4,4,4,4,4,4,4,4,4,1,4,//97
4,4,4,4,4,4,4,4,4,4,4,4,3,4,//97
4,4,4,4,4,4,4,4,4,4,4,4,1,4,//97
4,4,4,4,4,87,4,4,4,4,4,4,3,4,//97
24,25,25,26,24,25,26,24,25,4,4,4,1,4,//97
2,4,4,4,4,4,4,4,4,4,4,4,3,4,//98
0,4,4,4,4,4,4,4,4,4,4,4,1,4,//98
2,4,4,4,4,4,4,4,4,4,4,4,3,4,//98
0,4,4,4,28,4,4,4,4,4,4,4,1,4,//98
2,4,4,4,4,4,4,4,4,4,4,4,3,4,//98
0,4,4,4,4,4,4,21,4,4,4,4,1,4,//98
2,4,4,4,4,4,4,11,4,4,4,4,3,4,//98
0,4,4,4,4,4,4,12,4,4,4,4,1,4,//98
2,4,4,4,4,83,4,12,4,4,4,4,3,4,//98
24,25,25,26,24,25,26,24,25,26,24,25,26,4,//98
0,38,38,40,39,40,41,38,41,39,40,41,1,4,//99
2,4,4,4,4,4,4,4,4,4,4,4,3,4,//99
0,4,4,4,4,4,4,4,4,4,4,4,1,4,//99
2,4,4,4,4,4,4,4,4,4,4,4,3,4,//99
0,4,4,4,4,4,4,4,4,4,4,4,1,4,//99
2,4,4,4,4,4,4,4,4,4,4,4,3,4,//99
0,4,4,4,4,4,4,4,4,4,4,4,1,4,//99
2,4,4,4,4,4,4,4,4,4,4,4,3,4,//99
0,4,4,4,47,4,4,4,4,4,4,4,1,4,//99
2,4,4,4,4,4,4,4,4,4,4,4,3,4,//99
0,38,38,39,38,39,40,41,38,39,40,38,1,4,//100
2,4,4,4,4,4,4,4,4,4,4,4,3,4,//100
0,4,4,4,4,4,4,4,4,4,4,4,1,4,//100
2,4,4,4,4,4,4,4,4,4,4,4,3,4,//100
0,4,4,4,4,4,4,4,4,4,4,4,1,4,//100
2,4,4,4,4,4,4,4,4,4,4,4,3,4,//100
0,4,4,4,4,4,4,4,4,4,4,4,1,4,//100
2,4,4,4,4,4,4,4,48,4,4,4,18,4,//100
0,4,4,4,4,4,4,4,4,4,4,4,16,4,//100
2,4,4,4,4,4,4,4,4,4,4,4,3,4,//100
2,41,41,39,38,38,41,39,41,40,4,4,4,4,//101
0,4,4,4,4,4,4,4,4,4,4,4,4,4,//101
2,4,4,4,4,4,4,4,4,4,4,4,4,4,//101
0,4,4,4,4,4,4,4,4,4,4,4,4,4,//101
2,4,4,4,4,4,4,4,4,4,47,4,4,4,//101
0,4,4,4,4,4,4,4,4,4,4,4,4,4,//101
2,4,4,4,4,4,4,4,4,4,4,4,4,4,//101
15,4,4,4,4,4,4,4,11,4,4,4,4,4,//101
17,4,4,4,4,4,4,4,12,4,4,80,4,4,//101
43,44,44,43,44,43,44,43,44,43,44,43,44,4,//101
4,4,4,4,4,4,4,4,4,4,4,4,3,4,//102
4,4,4,4,4,4,4,4,4,4,4,4,1,4,//102
4,4,4,4,4,4,4,4,4,4,4,4,3,4,//102
4,4,4,4,4,4,4,47,4,4,4,4,1,4,//102
4,4,4,4,4,4,4,4,4,4,4,4,3,4,//102
4,4,4,48,4,4,4,4,4,4,4,4,1,4,//102
4,4,4,4,4,4,4,4,4,4,4,4,3,4,//102
4,4,4,4,4,4,4,4,4,4,4,4,1,4,//102
4,4,4,4,4,4,4,4,4,4,4,4,3,4,//102
43,44,44,43,44,43,44,43,44,43,44,43,44,4,//102
2,40,40,41,38,39,41,40,41,39,38,41,40,4,//103
0,4,4,4,4,4,4,4,4,4,4,4,4,4,//103
2,4,4,4,4,4,4,4,4,4,4,4,4,4,//103
0,4,4,4,4,4,4,4,4,4,4,4,4,4,//103
2,4,4,4,4,4,4,4,4,4,4,4,4,4,//103
0,4,4,4,4,4,4,4,4,4,4,4,4,4,//103
2,4,4,4,4,4,4,4,4,48,4,4,4,4,//103
0,4,4,4,4,4,4,4,4,4,4,4,4,4,//103
2,4,4,4,4,4,4,4,4,4,4,4,4,4,//103
43,44,44,43,44,4,4,4,44,43,44,43,44,4,//103
41,4,4,4,4,4,4,4,4,4,4,4,3,4,//104
4,4,4,4,4,4,4,4,4,4,4,4,1,4,//104
4,4,4,4,4,4,4,4,4,4,4,4,3,4,//104
4,4,4,4,4,4,4,48,4,4,4,4,1,4,//104
4,4,4,4,4,4,4,4,4,4,4,4,3,4,//104
4,4,4,4,4,4,4,4,4,4,47,4,1,4,//104
4,4,4,4,4,4,4,4,4,4,4,4,3,4,//104
4,4,4,11,4,4,4,22,4,4,4,4,1,4,//104
4,4,4,12,4,4,4,11,4,4,4,4,3,4,//104
43,44,44,43,44,43,44,43,44,43,44,43,44,4,//104
0,4,4,4,4,4,4,4,4,4,4,4,61,4,//105
2,4,4,4,4,4,4,4,4,4,4,4,4,4,//105
0,4,4,4,4,4,4,4,4,4,4,4,4,4,//105
2,10,4,4,4,4,4,4,4,4,4,4,4,4,//105
0,4,4,4,4,4,4,4,4,4,4,4,4,4,//105
2,4,4,4,4,4,4,4,4,4,4,4,4,4,//105
0,4,4,4,11,4,4,4,4,4,4,4,4,4,//105
2,4,4,4,12,4,4,4,11,4,4,4,4,4,//105
0,4,4,4,12,4,4,4,12,4,4,4,4,4,//105
6,6,6,6,6,6,6,6,6,6,6,6,6,4,//105
62,4,4,4,4,4,4,4,4,4,4,4,3,4,//106
4,4,4,4,4,4,4,4,4,4,4,4,1,4,//106
4,4,4,4,4,4,4,4,4,9,4,4,3,4,//106
4,4,4,4,4,10,4,4,4,4,4,4,1,4,//106
4,4,4,4,4,4,4,4,4,4,4,4,3,4,//106
4,22,4,4,4,4,4,4,4,4,4,4,1,4,//106
4,11,4,4,4,4,4,4,4,4,4,4,3,4,//106
4,12,4,4,4,4,4,4,4,4,4,4,1,4,//106
4,12,4,4,4,4,4,4,4,4,4,4,3,4,//106
6,6,6,6,6,6,6,6,6,6,6,6,6,4,//106
0,58,59,59,59,57,61,64,61,60,59,62,1,4,//107
2,4,4,4,4,4,4,4,4,4,4,4,3,4,//107
0,4,4,4,4,4,4,4,4,4,4,4,1,4,//107
2,4,4,4,4,4,4,4,4,4,4,4,3,4,//107
0,4,4,4,4,4,4,4,4,4,4,4,1,4,//107
2,4,4,4,4,10,10,4,4,4,4,4,3,4,//107
0,4,4,4,4,4,4,4,4,4,4,4,1,4,//107
2,4,4,4,4,4,4,4,4,4,4,4,3,4,//107
0,4,10,4,4,4,4,4,4,4,4,4,1,4,//107
2,4,4,4,4,4,4,4,4,4,4,4,3,4,//107
66,67,67,67,67,69,66,67,67,69,66,67,3,4,//108
0,4,4,4,4,4,4,4,4,4,4,4,1,4,//108
2,4,4,4,4,4,4,4,4,4,4,4,3,4,//108
0,4,4,4,4,4,4,4,4,4,22,4,1,4,//108
2,4,4,4,4,4,4,4,4,4,29,4,3,4,//108
0,4,4,4,4,4,4,29,4,4,4,4,1,4,//108
2,4,4,4,28,4,4,4,4,4,4,4,3,4,//108
0,4,4,4,4,4,4,4,4,4,4,4,16,4,//108
2,4,4,4,4,4,83,4,4,4,4,4,18,4,//108
24,25,25,26,24,25,24,24,25,26,24,25,26,4,//108
2,66,66,67,69,70,68,66,69,70,68,66,69,4,//109
0,4,4,4,4,4,4,4,4,4,4,4,4,4,//109
2,4,4,4,4,4,4,4,4,4,4,4,4,4,//109
0,4,4,4,4,4,4,4,4,4,4,4,4,4,//109
2,4,4,4,4,4,4,4,4,4,4,4,4,4,//109
0,4,4,4,4,4,4,4,4,4,4,4,4,4,//109
2,4,4,4,4,4,4,4,4,4,4,4,4,4,//109
15,4,4,4,4,4,4,4,11,4,4,4,4,4,//109
17,4,4,4,81,4,4,4,12,4,4,4,4,4,//109
24,25,25,26,24,25,26,24,25,26,24,25,26,4,//109
66,67,67,68,70,66,66,66,67,68,70,66,3,4,//110
4,4,4,4,4,4,4,4,4,4,4,4,1,4,//110
4,4,4,4,4,4,4,4,4,4,4,4,3,4,//110
4,4,4,4,4,4,4,4,4,4,4,4,1,4,//110
4,4,4,4,4,4,4,4,4,4,4,4,3,4,//110
4,4,4,4,4,4,4,4,4,4,4,4,1,4,//110
4,4,4,4,4,4,28,4,4,4,4,4,3,4,//110
4,4,4,4,4,4,4,4,4,11,4,4,1,4,//110
4,4,81,4,4,4,4,4,4,12,4,4,3,4,//110
26,25,26,25,24,4,4,4,26,25,24,25,26,4,//110
0,4,4,4,4,4,4,4,4,4,4,4,1,4,//111
2,4,4,4,4,4,4,4,4,4,4,4,3,4,//111
0,4,4,4,4,4,4,4,4,4,4,4,1,4,//111
2,4,4,4,4,4,4,28,4,4,4,4,3,4,//111
0,4,4,4,4,4,4,4,4,4,4,4,1,4,//111
2,4,4,4,4,4,4,4,4,4,4,4,3,4,//111
0,4,4,4,29,4,4,4,4,4,4,4,1,4,//111
2,4,4,4,4,4,4,4,4,4,4,4,18,4,//111
0,4,4,4,4,4,4,4,4,4,4,4,16,4,//111
2,4,4,4,4,4,4,4,4,29,4,4,3,4,//111
0,66,66,67,68,70,66,67,68,70,66,67,1,4,//112
2,4,4,4,4,4,4,4,4,4,4,4,3,4,//112
0,4,4,4,4,4,4,4,4,4,4,4,1,4,//112
2,4,4,4,4,4,4,4,4,4,4,4,3,4,//112
0,4,4,4,4,4,4,4,4,4,22,4,1,4,//112
2,4,4,4,4,4,4,4,4,4,28,4,3,4,//112
0,4,4,4,4,4,4,4,4,4,4,4,1,4,//112
2,4,4,4,4,4,28,4,4,4,4,4,3,4,//112
0,4,4,4,4,4,4,4,4,4,4,4,1,4,//112
2,4,4,4,4,4,4,4,4,4,4,4,3,4,//112
0,66,66,65,66,69,67,66,67,4,4,4,1,4,//113
2,4,4,4,4,4,4,4,4,4,4,4,3,4,//113
0,4,4,4,4,4,4,4,4,4,4,4,1,4,//113
2,4,4,4,4,4,4,4,4,4,4,4,3,4,//113
0,4,4,4,4,4,4,4,4,4,4,28,1,4,//113
2,4,4,4,4,4,4,4,4,4,4,4,3,4,//113
0,4,4,4,4,4,4,4,4,4,4,4,1,4,//113
2,4,4,4,4,4,4,4,28,4,4,4,3,4,//113
0,4,4,4,4,4,4,4,4,4,4,4,1,4,//113
2,4,4,4,29,4,4,4,4,4,4,4,3,4,//113
0,38,38,40,41,38,40,39,41,38,40,41,39,4,//114
2,4,4,4,4,4,4,4,4,4,4,4,4,4,//114
0,4,4,4,4,4,4,4,4,4,4,4,4,4,//114
2,4,4,4,4,4,4,4,4,4,4,4,4,4,//114
0,4,4,4,4,4,4,4,4,4,4,4,4,4,//114
2,4,4,4,4,4,4,4,4,4,4,4,4,4,//114
0,4,4,4,4,4,4,11,4,4,4,4,4,4,//114
2,4,4,4,4,4,4,12,4,4,4,4,4,4,//114
0,4,4,4,4,4,4,12,4,4,11,4,4,4,//114
2,4,4,4,4,44,43,44,43,44,43,44,43,4,//114
40,4,4,4,4,4,4,4,4,4,4,4,1,4,//115
4,4,4,4,4,4,4,4,4,4,4,4,3,4,//115
4,4,4,4,4,4,4,4,4,4,4,4,1,4,//115
4,4,4,4,4,4,48,4,4,4,4,4,3,4,//115
4,4,4,4,4,4,4,4,4,4,4,4,1,4,//115
4,4,4,4,4,4,4,4,4,4,4,4,3,4,//115
4,4,4,4,47,4,4,4,4,4,4,4,1,4,//115
4,4,4,4,4,4,4,4,4,4,4,4,3,4,//115
4,4,4,4,4,4,4,4,4,4,4,4,1,4,//115
43,4,4,4,4,4,4,4,4,4,4,4,3,4,//115
0,4,4,4,4,4,4,4,4,4,4,4,1,4,//116
2,4,4,4,4,4,4,4,4,4,4,4,3,4,//116
0,4,4,4,4,4,4,4,4,4,4,4,1,4,//116
2,4,4,4,47,4,4,4,4,4,4,4,3,4,//116
0,4,4,4,4,4,4,4,4,4,4,4,1,4,//116
2,4,4,4,4,4,4,48,4,4,4,4,3,4,//116
0,4,4,4,4,4,4,4,4,4,4,4,1,4,//116
2,4,4,4,4,4,4,4,4,4,4,4,18,4,//116
0,4,4,4,4,4,4,4,4,4,4,4,16,4,//116
2,4,4,47,4,4,4,4,4,4,4,4,3,4,//116
0,66,66,69,70,67,66,69,70,67,66,69,70,4,//117
2,4,4,4,4,4,4,4,4,4,4,4,4,4,//117
0,4,4,4,4,4,4,4,4,4,4,4,4,4,//117
2,4,4,4,4,4,4,4,4,4,4,4,4,4,//117
0,4,4,4,4,4,4,4,4,4,4,4,4,4,//117
2,4,4,4,4,4,4,4,4,4,4,4,4,4,//117
0,4,4,4,4,4,4,4,4,4,4,4,4,4,//117
17,4,4,4,4,4,4,29,4,4,4,4,4,4,//117
15,4,4,4,4,4,4,4,4,4,4,4,4,4,//117
2,4,4,4,28,4,4,4,4,4,4,4,28,4,//117
69,70,70,67,69,69,67,66,70,69,68,67,1,4,//118
4,4,4,4,4,4,4,4,4,4,4,4,3,4,//118
4,4,4,4,4,4,4,4,4,4,4,4,1,4,//118
4,4,4,4,4,4,4,4,4,4,4,4,3,4,//118
4,4,4,4,4,4,4,4,4,4,4,4,1,4,//118
4,4,4,4,4,4,4,4,4,4,4,4,3,4,//118
4,4,28,4,4,4,4,4,4,4,4,4,1,4,//118
4,4,4,4,4,29,4,4,4,4,4,4,3,4,//118
4,4,4,4,4,4,4,4,4,4,4,4,1,4,//118
28,4,4,4,4,4,4,4,4,28,4,4,3,4,//118
0,40,40,39,38,41,4,4,4,40,39,38,1,4,//119
2,4,4,4,4,4,4,4,4,4,4,4,3,4,//119
0,4,4,4,4,4,4,4,4,4,4,4,1,4,//119
2,4,4,4,4,4,47,4,4,4,4,4,3,4,//119
0,4,4,4,4,4,4,4,4,4,4,4,1,4,//119
2,4,4,4,4,4,4,4,4,4,4,4,3,4,//119
0,4,4,4,4,4,4,4,4,4,4,4,1,4,//119
2,4,4,4,4,4,4,4,48,4,4,4,3,4,//119
0,4,4,4,4,4,4,4,4,4,4,4,1,4,//119
2,4,4,4,4,4,4,4,4,4,4,4,3,4,//119
0,66,66,69,67,68,69,70,69,67,66,69,67,4,//120
2,4,4,4,4,4,4,4,4,4,4,4,4,4,//120
0,4,4,4,4,4,4,4,4,4,4,4,4,4,//120
2,4,4,4,4,4,4,4,4,4,4,4,4,4,//120
0,4,4,4,4,4,4,4,4,4,4,4,4,4,//120
2,4,4,4,4,4,4,4,4,4,4,4,4,4,//120
0,4,4,4,4,4,4,4,4,4,4,4,4,4,//120
2,4,4,4,4,4,4,4,4,4,11,4,4,4,//120
0,4,4,4,4,4,4,11,4,4,12,4,4,4,//120
24,25,25,26,24,25,26,24,25,26,24,25,26,4,//120
69,67,67,66,69,67,66,69,69,70,69,67,1,4,//121
4,4,4,4,4,4,4,4,4,4,4,4,3,4,//121
4,4,4,4,4,4,4,4,4,4,4,4,1,4,//121
4,4,4,4,4,4,4,4,4,4,4,4,3,4,//121
4,4,4,4,4,4,4,4,4,4,4,4,1,4,//121
4,4,4,28,4,4,4,4,4,4,4,4,3,4,//121
4,4,4,4,4,4,4,4,4,4,4,4,1,4,//121
4,4,4,4,4,4,29,4,4,4,4,4,3,4,//121
4,4,4,4,4,4,4,4,4,4,4,4,1,4,//121
26,4,4,4,4,4,4,4,4,4,4,4,3,4,//121
0,57,57,58,59,60,61,62,63,64,63,64,1,4,//122
2,4,4,4,4,4,4,4,4,4,4,4,3,4,//122
0,4,4,4,4,4,4,4,4,4,4,4,1,4,//122
2,4,4,4,4,4,4,4,4,4,4,4,3,4,//122
0,4,4,4,4,4,4,4,4,4,4,4,1,4,//122
2,4,4,4,4,4,4,9,4,4,4,4,3,4,//122
0,4,4,4,4,4,4,4,4,4,4,4,1,4,//122
2,4,4,4,4,4,4,4,4,4,4,4,3,4,//122
0,4,4,4,4,4,4,4,4,4,4,4,1,4,//122
2,4,4,4,10,4,4,4,4,4,4,4,3,4,//122
0,4,4,4,4,4,4,4,4,4,4,4,1,4,//123
2,4,4,4,4,4,4,4,4,4,4,4,3,4,//123
0,4,4,4,4,10,4,4,4,4,4,4,1,4,//123
2,4,4,4,4,84,4,4,4,9,4,4,3,4,//123
0,4,4,4,4,4,4,4,4,4,4,4,1,4,//123
2,4,4,4,4,4,4,4,4,4,4,4,3,4,//123
0,4,9,4,4,4,4,4,4,4,4,4,1,4,//123
2,4,4,4,4,4,4,4,4,4,4,4,3,4,//123
0,4,4,4,4,4,4,4,4,4,4,4,1,4,//123
2,10,4,4,4,4,4,4,4,4,4,4,3,4,//123
0,66,69,67,67,66,67,66,69,67,66,67,69,4,//124
2,4,4,4,4,4,4,4,4,4,4,4,4,4,//124
0,4,4,4,4,4,4,4,4,4,4,4,4,4,//124
2,4,4,4,4,4,4,4,4,4,4,4,4,4,//124
0,4,4,4,4,4,4,4,4,4,4,4,4,4,//124
2,4,4,4,4,4,4,4,4,4,4,4,4,4,//124
0,4,4,4,4,4,28,4,4,4,4,4,4,4,//124
2,4,4,4,4,4,4,4,4,4,4,4,4,4,//124
0,4,4,4,4,4,4,4,4,4,4,4,4,4,//124
2,4,4,4,4,4,4,4,4,4,4,4,24,4,//124
65,66,67,69,69,70,71,69,70,67,66,69,67,4,//125
4,4,4,4,4,4,4,4,4,4,4,4,4,4,//125
4,4,4,4,4,4,4,4,4,4,4,4,4,4,//125
4,4,4,4,4,4,4,4,4,4,4,4,4,4,//125
4,4,4,4,4,4,4,4,4,4,4,4,4,4,//125
4,4,4,4,4,4,4,4,4,4,4,4,4,4,//125
4,4,4,4,4,4,4,4,4,29,4,4,4,4,//125
4,4,4,4,4,28,4,4,4,4,4,4,4,4,//125
4,4,4,4,4,4,4,4,4,4,4,4,4,4,//125
24,4,4,4,4,4,4,4,4,4,4,4,24,4,//125
68,69,69,70,71,4,4,4,4,65,66,67,68,4,//126
4,4,4,4,4,4,4,4,4,4,4,4,4,4,//126
4,4,4,4,4,28,4,4,4,4,4,4,4,4,//126
4,4,4,4,4,4,4,4,4,4,4,4,4,4,//126
4,4,4,4,4,4,4,4,29,4,4,4,4,4,//126
4,4,4,4,4,4,4,4,4,4,4,4,4,4,//126
4,4,4,4,4,4,4,4,4,4,29,4,4,4,//126
4,4,4,4,4,4,4,4,4,4,4,4,4,4,//126
4,4,4,4,4,4,4,4,4,4,4,4,4,4,//126
24,25,25,26,24,25,26,24,25,26,24,25,26,4,//126
71,4,4,4,4,4,4,4,4,4,4,4,3,4,//127
4,4,4,4,4,4,4,4,4,4,4,4,1,4,//127
4,4,4,4,4,4,4,4,4,4,28,4,3,4,//127
4,4,4,4,4,4,4,4,4,4,4,4,1,4,//127
4,4,4,4,4,4,28,4,4,4,4,4,3,4,//127
4,4,4,4,4,4,4,4,4,4,4,4,1,4,//127
4,4,4,4,4,4,4,4,4,4,4,4,3,4,//127
4,4,11,4,4,4,4,4,4,4,4,4,1,4,//127
4,4,12,4,4,4,4,4,4,4,4,4,3,4,//127
24,25,26,24,25,26,26,24,25,26,24,25,26,4,//127
0,4,4,4,4,4,4,4,4,4,4,4,65,4,//128
2,4,4,4,4,4,4,4,4,4,4,4,4,4,//128
0,4,4,4,4,4,4,4,4,4,4,4,4,4,//128
2,4,28,4,4,4,4,4,4,4,4,4,4,4,//128
0,4,4,4,4,4,4,4,4,4,4,4,4,4,//128
2,4,4,4,4,4,4,4,4,4,4,4,4,4,//128
0,4,4,4,11,4,4,4,4,4,4,4,4,4,//128
2,4,4,4,12,4,4,4,4,11,4,4,4,4,//128
0,4,4,4,12,4,4,4,4,12,4,4,4,4,//128
24,25,26,24,25,26,26,24,25,26,24,25,26,4,//128
4,4,4,4,4,4,4,4,4,4,4,4,3,4,//129
4,4,4,4,4,4,4,4,4,4,4,4,1,4,//129
4,4,4,4,4,4,4,4,4,4,4,4,3,4,//129
4,4,4,4,4,4,4,4,29,4,4,4,1,4,//129
4,4,4,4,4,4,4,4,4,4,4,4,3,4,//129
4,4,4,4,4,4,4,4,4,4,4,4,1,4,//129
4,4,4,4,4,4,4,4,4,4,4,4,3,4,//129
4,4,4,4,4,11,4,4,4,4,4,4,1,4,//129
4,4,83,4,4,12,4,4,4,4,4,4,3,4,//129
24,25,26,24,25,26,24,24,25,26,24,25,26,4,//129
0,4,4,4,4,39,40,40,38,41,39,38,1,4,//130
2,4,4,4,4,4,4,4,4,4,4,4,3,4,//130
0,4,4,4,4,4,4,4,4,4,4,4,1,4,//130
2,4,4,4,4,4,4,4,4,4,4,4,3,4,//130
0,4,47,4,4,4,4,4,4,4,4,4,1,4,//130
2,4,4,4,4,4,4,4,4,4,4,4,3,4,//130
0,4,4,4,4,4,4,4,4,4,4,4,1,4,//130
2,4,4,4,4,4,4,4,4,4,4,4,3,4,//130
0,4,4,4,48,4,4,4,4,4,4,4,1,4,//130
2,4,4,4,4,4,4,4,4,4,4,4,3,4,//130
2,4,4,4,4,4,4,4,4,4,4,4,4,4,//131
0,4,4,4,4,4,4,4,4,4,4,4,4,4,//131
2,4,4,4,4,4,4,4,4,4,4,4,4,4,//131
0,4,48,4,4,4,4,4,4,4,4,4,4,4,//131
2,4,4,4,4,4,4,4,4,4,4,4,4,4,//131
0,4,4,4,4,4,4,4,4,4,4,4,4,4,//131
2,4,4,4,4,11,4,4,4,4,4,4,4,4,//131
0,4,4,4,4,12,4,4,4,47,4,4,4,4,//131
2,4,4,4,4,12,4,4,4,4,4,82,4,4,//131
43,44,43,44,43,44,43,43,44,43,44,43,44,4,//131
4,4,4,4,4,4,4,4,4,4,4,4,1,4,//132
4,4,4,4,4,4,4,4,4,4,4,4,3,4,//132
4,4,4,4,4,4,4,4,4,4,47,4,1,4,//132
4,4,4,4,4,4,4,4,4,4,4,4,3,4,//132
4,4,4,4,4,4,48,4,4,4,4,4,1,4,//132
4,4,4,4,4,4,4,4,4,4,4,4,3,4,//132
4,47,4,4,4,4,4,4,4,4,4,4,1,4,//132
4,4,4,4,4,4,4,4,4,4,4,4,3,4,//132
4,4,4,4,4,4,4,4,4,4,4,4,1,4,//132
43,44,43,43,44,43,44,43,44,43,4,4,3,4,//132
0,4,4,4,4,4,4,4,4,4,4,4,1,4,//133
2,4,4,4,4,4,4,4,4,4,4,4,3,4,//133
0,4,4,4,4,4,4,4,4,4,4,4,1,4,//133
2,4,4,4,4,4,4,4,4,4,4,4,3,4,//133
0,4,4,4,4,4,4,29,4,4,4,4,1,4,//133
2,4,4,4,4,4,4,4,4,4,4,4,3,4,//133
0,4,4,4,4,4,4,4,4,4,4,4,1,4,//133
2,4,4,4,4,28,4,4,4,4,4,4,3,4,//133
0,4,4,4,4,4,4,4,4,4,4,4,1,4,//133
2,4,4,4,4,4,4,4,4,29,4,4,3,4,//133
0,4,4,4,4,4,4,4,4,4,4,4,1,4,//134
2,4,4,4,4,4,4,4,4,4,4,4,3,4,//134
0,4,4,4,4,4,4,4,4,4,4,4,1,4,//134
2,4,4,4,4,4,4,4,4,4,4,4,3,4,//134
0,4,4,4,4,4,29,4,4,4,4,4,1,4,//134
2,29,4,4,4,4,4,4,4,4,4,4,3,4,//134
0,4,4,4,4,4,4,4,4,4,4,4,1,4,//134
2,4,4,4,4,4,4,4,4,4,4,4,3,4,//134
0,4,4,4,4,4,4,4,4,4,4,4,1,4,//134
2,4,4,4,4,29,4,4,4,4,4,4,3,4,//134
2,4,4,4,4,4,4,4,4,4,4,4,4,4,//135
0,4,4,4,4,4,4,4,4,4,4,4,4,4,//135
2,4,47,47,4,4,4,4,4,4,4,4,4,4,//135
0,4,4,4,4,4,4,4,4,4,4,4,4,4,//135
2,4,4,4,4,4,4,4,4,4,4,4,4,4,//135
0,4,4,4,4,4,4,4,4,4,4,4,4,4,//135
2,4,4,4,4,4,11,4,4,4,4,4,4,4,//135
0,4,4,4,4,4,12,4,4,4,4,4,4,4,//135
2,4,4,4,83,4,12,4,4,4,11,4,4,4,//135
43,44,44,43,44,43,44,43,44,43,44,43,44,4,//135
38,39,39,40,39,38,41,40,39,38,39,40,3,4,//136
4,4,4,4,4,4,4,4,4,4,4,4,1,4,//136
4,4,4,4,4,4,4,4,20,4,4,4,3,4,//136
4,4,4,4,4,4,4,4,47,4,4,4,1,4,//136
4,4,4,4,4,48,4,4,4,4,4,4,3,4,//136
4,4,4,4,4,4,4,4,4,4,4,4,1,4,//136
4,4,47,4,4,4,4,4,4,4,4,4,3,4,//136
4,4,4,4,4,4,4,4,4,4,4,4,1,4,//136
4,4,4,4,4,4,4,4,4,4,4,4,3,4,//136
43,44,44,43,44,43,44,43,44,43,44,43,44,4,//136
0,4,4,4,4,4,4,4,4,4,4,4,1,4,//137
2,4,4,4,4,4,4,4,4,4,4,4,3,4,//137
0,4,4,4,4,4,4,4,4,4,4,4,1,4,//137
2,4,4,4,4,4,4,4,28,4,4,4,3,4,//137
0,4,4,4,4,29,4,4,4,4,4,4,1,4,//137
2,4,4,4,4,4,4,4,4,4,4,4,3,4,//137
0,28,4,4,4,4,4,4,4,4,4,4,1,4,//137
2,4,4,4,4,4,4,4,4,4,4,4,18,4,//137
0,4,4,4,4,4,4,4,4,4,4,4,16,4,//137
2,4,4,4,24,25,26,24,25,26,4,4,3,4,//137
2,4,4,4,84,4,4,4,4,4,4,4,4,4,//138
0,4,4,4,4,4,4,4,4,4,4,4,4,4,//138
2,4,4,4,4,4,4,4,4,4,4,4,4,4,//138
0,4,4,4,4,4,4,10,4,4,4,4,4,4,//138
2,4,4,4,4,4,4,4,4,4,4,4,4,4,//138
0,4,4,4,4,4,4,4,4,4,4,4,4,4,//138
2,4,4,4,11,4,4,4,4,4,4,4,4,4,//138
15,4,4,4,12,4,4,4,4,4,4,4,4,4,//138
17,4,4,4,12,4,4,4,4,4,4,4,4,4,//138
6,6,6,6,6,6,6,6,6,6,6,6,6,4,//138
4,4,4,4,4,4,4,4,4,4,4,4,3,4,//139
4,4,4,4,4,4,4,4,4,4,4,4,1,4,//139
4,4,4,4,4,9,4,4,4,4,4,4,3,4,//139
4,4,4,4,4,4,4,4,4,4,4,4,1,4,//139
4,4,4,4,4,4,4,4,4,4,4,4,3,4,//139
4,4,4,4,4,4,4,4,4,10,4,4,1,4,//139
4,4,4,4,4,4,4,4,4,4,4,4,3,4,//139
4,4,4,4,4,4,4,11,4,4,4,4,16,4,//139
4,4,4,4,4,4,4,12,4,4,4,4,18,4,//139
6,6,6,6,6,6,6,6,6,6,6,6,6,4,//139
2,4,4,4,4,4,4,4,4,4,4,4,65,4,//140
0,4,4,4,4,4,4,4,4,4,4,4,4,4,//140
2,4,4,4,4,4,4,4,4,4,4,4,4,4,//140
0,4,4,4,4,29,4,4,4,4,4,4,4,4,//140
2,4,4,4,4,4,4,4,4,4,4,4,4,4,//140
0,4,4,4,4,4,4,11,4,4,4,4,4,4,//140
2,4,4,4,28,4,4,12,4,4,4,4,4,4,//140
15,4,4,4,4,4,4,12,4,4,11,4,4,4,//140
17,4,4,4,4,4,4,12,4,4,12,4,4,4,//140
24,25,25,26,24,25,26,24,25,26,24,25,26,4,//140
4,4,4,4,4,4,4,4,4,4,4,4,3,4,//141
4,4,4,4,4,4,4,4,4,4,4,4,1,4,//141
4,4,4,28,4,4,4,4,4,4,4,4,3,4,//141
4,4,4,4,4,4,4,4,4,4,4,4,1,4,//141
4,4,4,4,4,4,4,4,4,4,4,4,3,4,//141
4,4,4,4,4,4,4,4,4,4,4,4,1,4,//141
4,4,28,4,4,4,11,4,4,4,4,4,3,4,//141
4,4,4,4,4,4,12,4,4,4,4,4,1,4,//141
4,4,4,4,83,4,12,4,4,4,4,4,3,4,//141
24,25,25,26,24,25,26,24,25,26,24,25,26,4,//141
0,41,41,40,41,38,39,38,40,39,41,38,1,4,//142
2,4,4,4,4,4,4,4,4,4,4,4,3,4,//142
0,4,4,4,4,4,4,4,4,4,4,4,1,4,//142
2,4,4,4,4,4,4,4,4,4,4,4,3,4,//142
0,4,4,4,4,4,4,4,4,4,4,4,1,4,//142
2,4,4,4,4,4,4,4,4,4,4,4,3,4,//142
0,4,4,4,4,4,4,47,4,4,4,4,1,4,//142
2,4,4,4,4,4,4,4,4,4,4,4,3,4,//142
0,4,4,4,4,4,4,4,4,4,4,4,1,4,//142
2,4,4,4,4,4,4,4,4,4,4,4,3,4,//142
0,40,40,38,39,41,38,39,39,38,41,38,1,4,//143
2,4,4,4,4,4,4,4,4,4,4,4,3,4,//143
0,4,4,4,4,4,4,4,4,4,4,4,1,4,//143
2,4,4,4,4,4,4,4,4,4,4,4,3,4,//143
0,4,4,4,4,4,4,4,4,4,4,48,1,4,//143
2,4,4,4,4,4,4,4,4,4,4,4,3,4,//143
0,4,4,4,4,4,4,4,4,4,4,4,1,4,//143
2,4,4,4,4,4,4,4,4,4,4,4,3,4,//143
0,4,4,4,4,4,47,4,4,4,4,4,1,4,//143
2,4,4,4,4,4,4,4,4,4,4,4,3,4,//143
40,39,39,41,38,41,39,41,38,40,39,38,41,4,//144
4,4,4,4,4,4,4,4,4,4,4,4,4,4,//144
4,4,4,4,4,4,4,4,4,4,4,4,4,4,//144
4,4,4,4,4,4,4,4,4,4,4,4,4,4,//144
4,4,4,4,4,4,4,4,4,4,4,4,4,4,//144
4,4,4,4,4,4,4,4,4,4,4,4,4,4,//144
4,4,4,4,4,4,4,4,4,4,4,4,4,4,//144
4,4,4,4,4,4,4,4,4,11,4,4,4,4,//144
4,4,4,4,4,4,80,4,4,12,4,4,4,4,//144
43,44,43,44,43,44,43,44,43,44,43,44,43,4,//144
38,39,38,39,38,41,40,39,38,40,39,38,41,4,//145
4,4,4,4,4,4,4,4,4,4,4,4,4,4,//145
4,4,4,4,4,4,4,4,4,4,4,4,4,4,//145
4,4,4,4,4,4,4,4,4,4,4,4,4,4,//145
4,4,4,4,4,4,4,4,4,4,4,4,4,4,//145
4,4,4,4,4,47,4,4,4,4,4,4,4,4,//145
4,4,4,4,4,4,4,4,48,4,4,4,4,4,//145
4,4,4,4,4,4,4,4,4,4,4,4,4,4,//145
4,4,4,11,4,4,4,4,4,4,4,4,4,4,//145
43,44,44,43,44,43,44,43,44,43,44,43,44,4,//145
41,4,4,4,4,4,4,4,4,4,4,4,3,4,//146
4,4,4,4,4,4,4,4,4,4,4,4,1,4,//146
4,4,4,4,4,4,4,4,4,4,4,4,3,4,//146
4,4,4,4,4,4,4,4,48,4,4,4,1,4,//146
4,4,4,4,4,22,4,4,4,4,4,4,3,4,//146
4,4,4,4,4,47,4,4,4,4,4,4,1,4,//146
4,4,4,4,4,4,4,4,4,4,4,4,3,4,//146
4,11,4,4,4,4,4,4,4,4,4,4,1,4,//146
4,12,4,83,4,4,4,4,4,4,4,4,3,4,//146
43,44,43,44,43,44,43,44,44,43,44,43,44,4,//146
2,41,38,39,38,40,39,38,38,41,38,39,38,4,//147
0,4,4,4,4,4,4,4,4,4,4,4,4,4,//147
2,4,4,4,4,4,4,4,4,4,4,4,4,4,//147
0,4,4,4,4,4,4,4,4,4,4,4,4,4,//147
2,4,4,4,4,4,4,4,4,4,4,4,4,4,//147
0,4,4,4,4,4,4,4,4,4,4,4,4,4,//147
2,4,4,4,4,4,4,4,4,4,4,4,4,4,//147
0,4,4,4,4,11,4,4,4,4,4,4,4,4,//147
2,4,4,4,4,12,4,4,4,4,4,4,4,4,//147
43,44,43,44,43,44,43,44,44,43,44,43,44,4,//147
40,38,39,40,38,39,41,4,4,4,4,4,3,4,//148
4,4,4,4,4,4,4,4,4,4,4,4,1,4,//148
4,4,4,4,4,4,4,4,4,4,4,48,3,4,//148
4,4,4,4,4,4,4,4,4,4,4,4,1,4,//148
4,4,4,4,4,4,4,4,4,4,4,4,3,4,//148
4,4,4,4,4,4,4,4,4,47,4,4,1,4,//148
4,4,4,4,4,4,4,4,4,85,4,4,3,4,//148
4,11,4,4,4,4,4,4,4,4,4,4,16,4,//148
4,12,4,4,11,4,4,4,4,4,4,4,18,4,//148
43,44,43,44,43,44,43,44,43,43,44,43,44,4,//148
0,4,4,4,4,4,4,4,4,4,4,4,1,4,//149
2,4,4,4,4,4,4,4,4,4,4,4,3,4,//149
0,4,4,4,4,4,4,4,4,4,4,4,1,4,//149
2,4,4,4,4,4,4,4,4,4,4,4,3,4,//149
0,4,4,4,4,29,4,4,4,4,4,4,1,4,//149
2,4,28,4,4,4,4,4,4,4,4,4,3,4,//149
0,4,4,4,4,4,4,4,4,4,4,29,1,4,//149
17,4,4,4,4,4,4,4,4,4,4,4,3,4,//149
15,4,4,4,4,4,4,4,4,4,4,4,1,4,//149
2,4,4,4,4,4,4,28,4,4,4,4,3,4,//149
2,4,4,4,4,4,4,4,4,4,4,4,65,4,//150
0,4,4,4,4,4,4,4,4,4,4,4,4,4,//150
2,4,4,4,4,4,4,4,4,4,4,4,4,4,//150
0,4,4,4,4,4,4,29,4,4,4,4,4,4,//150
2,4,4,4,4,4,4,4,4,4,4,4,4,4,//150
0,4,4,28,4,4,4,4,4,4,4,4,4,4,//150
2,4,4,4,4,4,4,4,4,4,4,4,4,4,//150
0,4,4,4,4,4,4,4,4,4,4,4,4,4,//150
2,4,4,4,4,80,4,4,4,4,4,4,4,4,//150
24,25,26,24,25,26,24,25,26,26,24,25,26,4,//150
65,66,67,68,69,70,69,67,68,68,69,70,67,4,//151
4,4,4,4,4,4,4,4,4,4,4,4,4,4,//151
4,4,4,4,4,4,4,4,4,4,4,4,4,4,//151
4,4,4,4,4,4,4,4,4,4,4,4,4,4,//151
4,4,4,4,4,4,4,4,4,4,4,4,4,4,//151
4,4,4,4,4,4,28,4,4,4,4,4,4,4,//151
4,4,4,4,4,4,4,4,4,4,4,4,4,4,//151
4,4,4,4,4,4,4,4,4,4,4,4,4,4,//151
4,4,4,4,4,4,4,4,4,4,4,4,4,4,//151
25,24,25,26,24,25,26,24,25,26,24,25,26,4,//151
66,65,66,67,68,69,70,67,68,69,70,69,70,4,//152
4,4,4,4,4,4,4,4,4,4,4,4,4,4,//152
4,4,4,4,4,4,4,4,4,4,4,4,4,4,//152
4,4,4,4,4,4,4,4,4,4,4,4,4,4,//152
4,4,4,4,4,4,4,4,4,4,4,4,4,4,//152
4,4,4,4,4,4,4,4,4,4,4,4,4,4,//152
4,4,4,4,4,4,4,4,4,4,4,4,4,4,//152
4,4,4,4,4,4,4,4,4,4,4,4,4,4,//152
4,4,4,4,4,4,4,4,4,4,4,4,4,4,//152
25,25,4,4,4,4,24,25,4,4,4,24,25,4,//152
71,4,4,4,4,66,69,70,67,4,4,4,65,4,//153
4,4,4,4,4,4,4,4,4,4,4,4,4,4,//153
4,4,4,4,4,4,4,4,4,4,29,4,4,4,//153
4,4,4,4,4,4,4,4,4,4,4,4,4,4,//153
4,28,4,4,4,4,4,4,4,4,4,4,4,4,//153
4,4,4,4,4,4,4,4,4,4,4,4,4,4,//153
4,4,4,4,4,4,4,4,28,4,4,4,4,4,//153
4,4,4,4,4,29,4,4,4,4,4,4,4,4,//153
4,4,4,4,4,4,4,4,4,4,4,4,4,4,//153
25,4,4,4,4,4,4,4,4,4,4,24,24,4,//153
66,69,67,67,66,67,68,69,70,67,70,67,71,4,//154
4,4,4,4,4,4,4,4,4,4,4,4,4,4,//154
4,4,4,4,4,4,4,4,4,4,4,4,4,4,//154
4,4,4,4,4,4,4,4,4,4,4,4,4,4,//154
4,4,4,4,4,4,4,4,4,4,4,4,4,4,//154
4,4,4,4,4,4,4,4,4,4,4,4,4,4,//154
4,4,4,4,4,4,4,4,4,4,4,4,4,4,//154
4,4,4,4,4,4,4,4,4,4,4,4,4,4,//154
4,4,4,4,4,4,82,4,4,4,4,4,4,4,//154
24,25,25,26,24,25,26,24,25,26,24,25,26,4,//154
71,4,4,4,4,4,4,4,4,4,4,4,3,4,//155
4,4,4,4,4,4,4,4,4,4,4,4,1,4,//155
4,4,4,4,4,4,4,4,4,4,4,4,3,4,//155
4,4,4,4,4,4,4,4,4,4,4,4,1,4,//155
4,4,4,4,4,4,4,4,4,4,4,4,3,4,//155
4,4,4,4,4,4,4,4,4,4,4,4,1,4,//155
4,4,4,4,4,4,4,4,4,4,4,4,3,4,//155
4,4,4,4,4,4,4,4,4,4,4,4,1,4,//155
4,4,4,4,4,11,4,4,4,4,4,4,3,4,//155
24,25,25,26,24,25,26,24,25,26,24,25,24,4,//155
0,65,65,66,67,68,69,70,69,67,68,69,70,4,//156
2,4,4,4,4,4,4,4,4,4,4,4,4,4,//156
0,4,4,4,4,4,4,4,4,4,4,4,4,4,//156
2,4,4,4,4,4,4,4,4,4,4,4,4,4,//156
0,4,4,4,4,4,4,4,4,4,4,4,4,4,//156
2,4,4,4,28,4,4,4,4,4,4,4,4,4,//156
0,4,4,4,4,4,4,4,4,4,4,4,4,4,//156
2,4,4,4,4,4,4,4,4,4,4,4,4,4,//156
0,4,4,4,4,4,4,4,4,4,4,4,4,4,//156
2,4,4,4,4,4,4,29,4,4,4,4,25,4,//156
65,66,66,67,68,69,67,68,66,69,67,70,1,4,//157
4,4,4,4,4,4,4,4,4,4,4,4,3,4,//157
4,4,4,4,4,4,4,4,4,4,4,4,1,4,//157
4,4,4,4,4,4,4,4,4,4,4,4,3,4,//157
4,4,4,4,4,4,4,4,4,4,4,4,1,4,//157
4,4,4,4,4,4,4,4,4,4,4,4,3,4,//157
4,4,4,4,4,4,4,4,4,4,4,4,1,4,//157
4,4,4,4,28,4,4,4,4,4,4,4,4,4,//157
4,4,4,4,4,4,4,4,4,4,4,4,4,4,//157
25,4,4,4,4,4,4,4,4,4,4,4,3,4,//157
2,4,4,4,4,4,4,4,4,4,4,4,3,4,//158
0,4,4,4,4,4,4,4,4,4,4,4,1,4,//158
2,4,4,4,4,4,4,4,4,4,4,4,3,4,//158
0,4,4,4,47,4,4,4,4,4,4,4,1,4,//158
2,4,4,4,4,4,4,4,4,4,4,4,3,4,//158
0,4,4,4,4,4,4,4,48,4,4,4,1,4,//158
2,4,4,4,4,4,4,4,4,4,4,4,3,4,//158
4,4,4,4,4,11,4,4,4,4,4,4,4,4,//158
4,4,4,4,4,12,4,4,4,4,4,4,4,4,//158
43,44,44,43,44,43,44,43,44,43,44,43,44,4,//158
2,4,4,4,4,4,4,4,4,4,4,4,4,4,//159
0,4,4,4,4,4,4,4,4,4,4,4,4,4,//159
2,4,4,4,4,4,4,4,4,4,47,4,4,4,//159
0,4,4,4,4,4,4,4,4,4,4,4,4,4,//159
2,4,4,4,4,4,4,4,4,4,4,4,4,4,//159
0,4,4,4,4,4,4,4,47,4,4,4,4,4,//159
2,4,4,4,4,4,4,4,4,4,4,4,4,4,//159
4,4,4,4,4,4,4,4,4,4,4,4,4,4,//159
4,4,4,4,4,11,4,4,4,82,4,4,4,4,//159
43,44,44,43,44,43,44,43,44,43,44,43,44,4,//159
38,39,39,40,41,40,39,38,38,39,40,41,1,4,//160
4,4,4,4,4,4,4,4,4,4,4,4,3,4,//160
4,4,4,4,4,4,4,4,4,4,4,4,1,4,//160
4,4,4,4,4,4,4,4,4,4,4,4,3,4,//160
4,4,4,4,4,4,4,4,4,4,4,4,1,4,//160
4,4,4,4,47,4,4,4,4,4,4,4,3,4,//160
4,4,4,4,4,4,4,4,4,4,4,4,1,4,//160
4,4,4,4,4,4,4,4,4,4,4,4,18,4,//160
4,4,4,4,4,4,4,4,4,4,4,4,16,4,//160
44,4,4,4,4,4,4,4,4,4,48,4,3,4,//160
0,65,65,66,67,68,69,70,67,66,69,70,1,4,//161
2,4,4,4,4,4,4,4,4,4,4,4,3,4,//161
0,4,4,4,4,4,4,4,4,4,4,4,1,4,//161
2,4,4,4,4,4,4,4,4,4,4,4,3,4,//161
0,4,4,4,4,4,4,4,4,4,4,4,1,4,//161
2,4,4,4,4,4,4,29,4,4,4,4,3,4,//161
0,4,4,4,4,4,4,4,4,4,4,4,1,4,//161
17,4,4,4,4,4,4,4,4,4,4,4,18,4,//161
15,4,4,4,4,4,4,4,4,4,4,4,16,4,//161
2,4,4,4,28,4,4,4,4,4,4,4,3,4,//161
2,38,38,39,38,40,38,39,41,38,39,38,3,4,//162
0,4,4,4,4,4,4,4,4,4,4,4,1,4,//162
2,4,4,4,4,4,4,4,4,4,4,4,3,4,//162
0,4,4,4,4,4,4,4,4,4,4,4,1,4,//162
2,4,4,4,4,4,4,4,4,4,4,4,3,4,//162
0,4,4,4,47,4,4,4,4,4,4,4,1,4,//162
2,4,4,4,4,4,4,4,47,4,4,4,3,4,//162
15,4,4,4,4,4,4,4,4,4,4,4,16,4,//162
17,4,4,4,4,4,4,4,4,4,4,4,18,4,//162
43,44,44,43,44,43,44,43,44,43,44,43,44,4,//162
2,39,39,40,38,41,38,39,40,39,41,38,3,4,//163
0,4,4,4,4,4,4,4,4,4,4,4,1,4,//163
2,4,4,4,4,4,4,4,4,4,4,4,3,4,//163
0,4,4,4,4,4,4,4,4,4,4,4,1,4,//163
2,4,4,4,4,4,4,4,4,4,4,4,3,4,//163
0,4,4,4,4,4,4,4,4,4,4,4,1,4,//163
2,4,4,4,4,11,4,4,4,4,4,4,3,4,//163
15,4,4,4,4,12,4,4,11,4,4,4,16,4,//163
17,4,4,80,4,12,4,4,12,4,4,4,18,4,//163
43,44,44,43,44,43,44,43,44,43,44,43,44,4,//163
0,41,41,40,41,39,38,39,38,39,41,38,1,4,//164
2,4,4,4,4,4,4,4,4,4,4,4,3,4,//164
0,4,4,4,4,4,4,4,4,4,4,4,1,4,//164
2,4,4,4,4,4,4,4,4,4,4,4,3,4,//164
0,4,4,4,4,4,4,4,4,4,4,4,1,4,//164
2,4,4,4,47,4,4,4,4,4,4,4,3,4,//164
0,4,4,4,4,4,4,4,4,4,4,4,1,4,//164
17,4,4,4,4,4,4,4,4,4,4,4,3,4,//164
15,4,4,4,4,4,4,4,48,4,4,4,1,4,//164
2,4,4,4,4,4,4,4,4,4,4,4,3,4,//164
0,4,4,4,4,4,4,4,4,4,4,4,1,4,//165
2,4,4,4,4,4,4,4,4,4,4,4,3,4,//165
0,4,4,28,4,4,4,4,4,4,4,4,1,4,//165
2,4,4,4,4,4,4,4,4,4,4,4,3,4,//165
0,4,4,4,4,4,4,4,4,4,4,4,1,4,//165
2,4,4,4,4,4,29,4,4,4,4,4,3,4,//165
0,4,4,4,4,4,4,4,4,4,4,4,1,4,//165
2,4,4,4,4,4,4,4,4,4,4,4,3,4,//165
0,4,4,4,4,4,4,4,4,4,28,4,1,4,//165
2,4,4,4,4,4,4,4,4,4,4,4,3,4,//165
0,65,65,66,67,68,69,70,67,68,69,67,1,4,//166
2,4,4,4,4,4,4,4,4,4,4,4,3,4,//166
0,4,4,4,4,4,4,4,4,4,4,4,1,4,//166
2,4,4,4,4,4,4,4,4,4,4,4,3,4,//166
0,4,4,4,4,4,4,4,4,4,4,4,1,4,//166
2,4,4,4,29,4,4,4,4,4,4,4,3,4,//166
0,4,4,4,4,4,4,4,4,4,4,4,1,4,//166
2,4,4,4,4,4,4,4,4,4,4,4,3,4,//166
0,4,4,4,4,4,4,28,4,4,4,4,1,4,//166
2,4,4,4,4,4,4,4,4,4,4,4,3,4,//166
2,65,65,66,67,68,67,69,70,69,67,66,69,4,//167
0,4,4,4,4,4,4,4,4,4,4,4,4,4,//167
2,4,4,4,4,4,4,4,4,4,4,4,4,4,//167
0,4,4,4,4,4,4,4,4,4,4,4,4,4,//167
2,4,4,4,4,4,4,4,4,4,4,4,4,4,//167
0,4,4,4,4,4,4,4,4,4,4,4,4,4,//167
2,4,4,4,4,4,4,4,4,19,4,4,4,4,//167
0,4,4,4,4,4,4,4,4,11,4,4,4,4,//167
2,4,4,4,4,4,4,4,4,12,4,4,4,4,//167
24,25,25,26,24,25,26,24,25,26,24,25,26,4,//167
71,4,4,4,4,4,65,71,4,4,4,65,3,4,//168
4,4,4,4,4,4,4,4,4,4,4,4,1,4,//168
4,4,4,4,4,4,4,4,4,4,29,4,3,4,//168
4,4,28,4,4,4,4,4,4,4,4,4,1,4,//168
4,4,4,4,4,4,4,4,28,4,4,4,3,4,//168
4,4,4,4,4,4,4,4,4,4,4,4,1,4,//168
4,4,4,4,29,4,4,4,4,4,4,4,3,4,//168
4,4,4,4,4,4,4,4,4,4,4,4,1,4,//168
4,4,4,4,4,4,80,4,4,4,4,4,3,4,//168
24,25,25,26,24,25,26,24,25,26,24,25,26,4,//168
0,4,4,4,4,4,4,4,4,4,4,4,1,4,//169
2,4,4,4,4,4,4,4,4,4,4,4,3,4,//169
0,4,4,4,29,4,4,4,4,4,28,4,1,4,//169
2,4,4,4,4,4,4,4,4,4,4,4,3,4,//169
0,4,4,4,4,4,4,4,4,4,4,4,1,4,//169
2,4,4,4,4,4,4,29,4,4,4,4,3,4,//169
0,4,4,4,4,4,4,4,4,4,4,4,1,4,//169
2,4,4,4,4,4,4,4,4,4,4,4,18,4,//169
0,4,4,4,4,4,4,4,4,4,4,4,16,4,//169
2,4,4,4,28,4,4,4,4,4,4,4,3,4,//169
2,58,58,59,60,58,62,58,59,60,61,62,63,4,//170
0,4,4,4,4,4,4,4,4,4,4,4,4,4,//170
2,4,4,4,4,4,4,4,4,4,4,4,4,4,//170
0,4,4,4,4,4,4,4,4,4,4,4,4,4,//170
2,4,4,4,4,4,4,4,4,4,4,4,4,4,//170
0,4,4,4,4,4,4,4,4,4,4,4,4,4,//170
2,4,4,4,4,4,4,4,4,4,4,4,4,4,//170
15,4,4,4,4,4,4,4,4,4,11,4,4,4,//170
17,4,4,4,4,4,4,4,4,4,12,4,4,4,//170
6,6,6,6,6,6,6,6,6,6,6,6,6,4,//170
64,58,58,59,60,61,64,63,64,61,59,62,1,4,//171
4,4,4,4,4,4,4,4,4,4,4,4,3,4,//171
4,4,4,4,4,4,4,4,4,4,4,4,1,4,//171
4,4,4,4,4,4,4,4,4,4,4,4,3,4,//171
4,4,4,4,4,4,4,4,4,4,4,4,1,4,//171
4,4,4,9,4,4,4,4,4,4,4,4,3,4,//171
4,4,4,84,4,4,4,4,4,4,4,4,1,4,//171
4,4,4,4,4,4,4,4,4,4,4,4,18,4,//171
4,4,4,4,4,10,4,4,4,4,4,4,16,4,//171
7,4,4,4,4,4,4,4,4,4,10,4,3,4,//171
2,4,4,4,4,4,4,4,4,4,4,4,3,4,//172
0,4,4,4,4,4,4,4,4,4,4,4,1,4,//172
2,4,4,4,4,4,4,4,4,4,4,4,3,4,//172
0,4,4,4,4,4,4,4,4,4,4,4,1,4,//172
2,4,4,4,4,29,4,4,4,4,4,4,3,4,//172
0,4,4,4,4,4,4,4,4,4,4,4,1,4,//172
2,4,4,4,4,4,4,4,20,4,4,4,3,4,//172
15,4,4,4,4,4,4,4,11,4,4,4,1,4,//172
17,4,4,4,4,4,4,4,12,4,4,4,3,4,//172
24,25,26,26,24,25,26,24,25,26,24,25,26,4,//172
2,4,4,4,4,4,4,4,4,4,4,4,3,4,//173
0,4,4,4,4,4,4,4,4,4,4,4,1,4,//173
2,4,4,4,4,4,4,4,4,4,4,4,3,4,//173
0,4,4,4,4,4,4,4,28,4,4,4,1,4,//173
2,4,4,4,4,4,4,4,4,4,4,4,3,4,//173
0,4,4,4,4,28,4,4,4,4,4,4,1,4,//173
2,4,4,4,4,4,4,4,4,4,4,4,3,4,//173
0,4,4,4,4,4,4,4,4,4,4,4,16,4,//173
2,11,4,4,4,4,4,4,4,4,4,4,18,4,//173
24,25,26,26,24,4,4,4,24,25,26,24,25,4,//173
2,38,39,39,40,39,41,38,40,39,38,40,39,4,//174
0,4,4,4,4,4,4,4,4,4,4,4,4,4,//174
2,4,4,4,4,4,4,4,4,4,4,4,4,4,//174
0,4,4,4,4,4,4,4,4,4,4,4,4,4,//174
2,4,4,4,4,4,4,4,4,4,4,4,4,4,//174
0,4,4,4,4,4,4,4,4,4,4,4,4,4,//174
2,4,4,4,4,4,4,4,4,4,47,4,4,4,//174
15,4,4,4,4,4,4,4,4,4,4,4,4,4,//174
17,4,4,4,4,4,83,4,4,4,4,4,4,4,//174
43,44,43,43,44,43,44,43,44,43,44,43,44,4,//174
40,39,41,41,38,41,39,40,39,41,38,39,40,4,//175
4,4,4,4,4,4,4,4,4,4,4,4,4,4,//175
4,4,4,4,4,4,4,4,4,4,4,4,4,4,//175
4,4,4,4,4,4,4,4,4,4,4,4,4,4,//175
4,4,4,4,4,4,4,4,4,4,4,4,4,4,//175
4,4,4,4,4,4,4,4,4,4,4,4,4,4,//175
4,4,4,4,4,4,4,4,4,4,4,4,4,4,//175
4,4,4,4,4,4,4,4,4,4,4,4,4,4,//175
4,4,4,4,4,4,4,4,4,4,4,4,4,4,//175
43,4,4,4,4,4,4,4,4,4,4,44,43,4,//175
4,4,4,4,4,4,4,4,4,4,4,4,3,4,//176
4,4,4,4,4,4,4,4,4,4,4,4,1,4,//176
4,4,4,4,4,4,4,4,4,4,4,4,3,4,//176
4,4,4,4,4,4,48,4,4,4,4,4,1,4,//176
4,4,4,4,4,4,4,4,4,4,4,4,3,4,//176
4,4,4,4,4,4,4,4,4,4,4,4,1,4,//176
4,47,4,4,4,4,4,4,4,4,4,4,3,4,//176
4,4,4,4,4,4,4,4,4,4,4,4,1,4,//176
4,4,4,4,4,4,4,4,4,4,4,4,3,4,//176
43,44,44,43,44,43,44,43,44,43,44,43,44,4,//176
0,4,4,4,4,4,4,4,4,4,4,4,3,4,//177
2,4,4,4,4,4,4,4,4,4,4,4,1,4,//177
0,4,4,4,4,4,4,4,4,4,4,4,3,4,//177
2,4,4,4,4,4,4,28,4,4,4,4,1,4,//177
0,4,4,4,4,4,4,4,4,4,4,4,3,4,//177
2,4,4,4,4,4,4,4,4,4,4,4,1,4,//177
0,4,4,4,4,4,11,4,4,4,4,4,3,4,//177
2,4,4,4,4,4,12,4,4,4,4,4,1,4,//177
0,4,4,4,4,4,12,4,4,4,4,4,3,4,//177
2,4,4,4,4,24,25,26,24,25,26,24,25,4,//177
4,4,4,4,4,4,4,4,4,4,4,4,4,4,//178
4,4,4,4,4,4,4,4,4,4,4,4,4,4,//178
4,4,4,4,4,4,4,4,4,4,4,4,4,4,//178
4,4,4,4,4,4,4,4,4,4,4,4,4,4,//178
4,4,4,4,4,4,4,4,4,4,4,4,4,4,//178
4,4,4,4,4,4,4,4,4,4,4,4,4,4,//178
4,4,4,4,4,4,4,4,4,4,4,4,4,4,//178
4,4,4,4,4,4,4,4,4,4,4,4,4,4,//178
4,4,4,4,4,4,4,4,4,4,4,4,4,4,//178
4,4,4,4,4,4,4,4,4,4,4,4,4,4,//178
2,38,38,39,38,40,38,39,41,39,40,39,38,4,//179
0,4,4,4,4,4,4,4,4,4,4,4,4,4,//179
2,4,4,4,4,4,4,4,4,4,4,4,4,4,//179
0,4,4,4,4,4,4,4,4,4,4,4,4,4,//179
2,4,4,4,4,4,4,4,4,4,4,4,4,4,//179
0,4,4,4,4,4,4,4,4,4,4,4,4,4,//179
2,4,4,4,4,4,11,4,4,4,4,4,4,4,//179
0,4,4,4,4,4,12,4,4,4,4,4,4,4,//179
2,4,4,4,4,4,12,4,4,11,4,4,4,4,//179
43,44,44,43,44,43,44,43,44,43,44,43,44,4,//179
41,4,4,4,4,4,4,4,4,4,4,4,1,4,//180
4,4,4,4,4,4,4,4,4,4,4,4,3,4,//180
4,4,4,4,4,4,4,4,4,4,4,4,1,4,//180
4,4,4,47,4,4,4,4,4,4,4,4,3,4,//180
4,4,4,4,4,4,4,4,4,4,4,4,1,4,//180
4,4,4,4,4,4,4,4,4,4,4,4,3,4,//180
4,4,47,4,4,4,11,4,4,4,4,4,1,4,//180
4,4,4,4,4,4,12,4,4,4,4,4,3,4,//180
4,4,4,4,4,4,12,4,4,4,4,4,1,4,//180
44,4,4,4,4,44,43,44,43,4,4,4,3,4,//180
2,4,4,4,4,4,4,4,4,4,4,4,65,4,//181
0,4,4,4,4,4,4,4,4,4,4,4,4,4,//181
2,4,4,4,4,4,4,4,4,4,4,4,4,4,//181
0,4,4,4,4,4,4,28,4,4,4,4,4,4,//181
2,4,4,4,4,4,4,4,4,4,4,4,4,4,//181
0,4,4,4,4,4,4,4,4,4,4,4,4,4,//181
2,4,4,4,11,4,4,4,4,4,4,4,4,4,//181
0,4,4,4,12,4,4,4,4,4,4,4,4,4,//181
2,4,4,4,12,4,4,87,4,4,4,4,4,4,//181
24,25,25,26,24,25,26,24,25,26,24,25,26,4,//181
4,4,4,4,4,4,4,4,4,4,4,4,3,4,//182
4,4,4,4,4,4,4,4,4,4,4,4,1,4,//182
4,4,4,4,4,4,4,4,4,4,4,4,3,4,//182
4,4,4,4,4,4,4,4,4,4,29,4,1,4,//182
4,4,4,4,4,4,4,4,4,4,4,4,3,4,//182
4,4,4,4,4,4,4,4,4,4,4,4,1,4,//182
4,4,4,4,4,4,4,11,4,4,4,4,3,4,//182
4,4,4,4,4,4,4,12,4,4,4,4,1,4,//182
4,4,4,11,4,4,4,12,4,4,4,4,3,4,//182
24,25,25,26,24,25,26,24,25,26,24,25,26,4,//182
0,65,65,66,69,66,69,66,66,69,67,66,69,4,//183
2,4,4,4,4,4,4,4,4,4,4,4,4,4,//183
0,4,4,4,4,4,4,4,4,4,4,4,4,4,//183
2,4,4,4,4,4,4,4,4,4,4,4,4,4,//183
0,4,4,4,4,4,4,4,4,4,4,4,4,4,//183
2,4,4,4,4,4,4,4,4,4,4,4,4,4,//183
0,4,4,4,4,4,4,4,4,4,4,4,4,4,//183
2,4,4,4,4,4,4,29,4,4,4,4,4,4,//183
0,4,4,4,28,4,4,4,4,4,4,4,4,4,//183
2,4,4,4,4,4,4,4,4,4,4,4,26,4,//183
65,66,66,69,67,69,67,66,67,67,69,70,67,4,//184
4,4,4,4,4,4,4,4,4,4,4,4,4,4,//184
4,4,4,4,4,4,4,4,4,4,4,4,4,4,//184
4,4,4,4,4,4,4,4,4,4,4,4,4,4,//184
4,4,4,4,4,4,4,4,4,4,4,4,4,4,//184
4,4,4,4,4,4,4,4,4,4,4,4,4,4,//184
4,4,4,4,4,4,4,4,4,4,4,4,4,4,//184
4,4,4,4,4,4,4,4,4,4,10,4,4,4,//184
4,4,4,81,4,4,11,4,4,81,4,4,4,4,//184
25,24,25,26,24,25,26,24,25,26,24,25,26,4,//184
4,4,4,4,4,4,4,4,4,4,4,4,3,4,//185
4,4,4,4,4,4,4,4,4,4,4,4,1,4,//185
4,4,4,4,4,4,4,4,4,4,4,4,3,4,//185
4,4,4,4,4,4,4,4,28,4,4,4,1,4,//185
4,28,4,4,4,4,4,4,4,4,4,4,3,4,//185
4,4,4,4,4,4,4,4,4,4,4,4,1,4,//185
4,4,4,4,4,11,4,4,4,4,4,4,3,4,//185
4,4,4,4,4,12,4,4,4,4,4,4,1,4,//185
4,4,4,4,4,12,4,4,4,4,4,4,3,4,//185
24,4,4,4,4,24,25,26,24,25,26,24,25,4,//185
4,4,4,4,4,4,4,4,4,4,4,4,4,4,//186
4,4,4,4,4,4,4,4,4,4,4,4,4,4,//186
4,4,4,4,4,4,4,4,4,4,4,4,4,4,//186
4,4,4,4,4,4,4,4,4,4,4,4,4,4,//186
4,4,4,4,4,4,4,4,4,4,4,4,4,4,//186
4,4,4,4,4,4,4,4,4,4,4,4,4,4,//186
4,4,4,4,4,4,4,4,4,4,4,4,4,4,//186
4,4,4,4,4,4,4,4,4,4,4,4,4,4,//186
4,4,4,4,4,4,4,4,4,4,4,4,4,4,//186
4,4,4,4,4,4,4,4,4,4,4,4,4,4,//186
0,4,4,4,4,4,4,4,4,4,4,4,1,4,//187
2,4,4,4,4,4,4,4,4,4,4,4,3,4,//187
0,4,4,4,4,4,4,4,4,4,4,4,1,4,//187
2,4,4,4,4,4,4,4,10,4,4,4,3,4,//187
0,4,4,4,4,4,4,4,4,4,4,4,1,4,//187
2,4,4,4,4,4,4,4,4,4,4,4,3,4,//187
0,4,4,4,4,4,9,4,4,4,4,4,1,4,//187
2,4,4,4,4,4,4,4,4,4,4,4,3,4,//187
0,4,9,4,4,4,4,4,4,4,4,4,1,4,//187
2,4,4,4,4,4,4,4,4,4,4,4,3,4,//187
2,65,66,67,67,66,67,68,69,70,66,67,66,4,//188
0,4,4,4,4,4,4,4,4,4,4,4,4,4,//188
2,4,4,4,4,4,4,4,4,4,4,4,4,4,//188
0,4,4,4,4,4,4,4,4,4,4,4,4,4,//188
2,4,4,4,4,4,4,4,4,4,4,4,4,4,//188
0,4,4,4,4,4,4,4,4,4,84,4,4,4,//188
2,4,4,4,4,11,4,4,4,28,4,4,4,4,//188
0,4,4,4,4,12,4,4,4,4,4,4,4,4,//188
2,4,4,4,4,12,4,4,4,4,4,4,4,4,//188
24,25,26,24,24,25,26,24,25,26,24,25,26,4,//188
65,66,67,4,4,4,4,4,4,4,69,70,71,4,//189
4,4,4,4,4,4,4,4,4,4,4,4,4,4,//189
4,4,4,4,4,4,4,4,4,4,4,4,4,4,//189
4,4,4,4,4,4,4,84,4,4,4,4,4,4,//189
4,4,4,4,4,4,29,4,4,4,4,4,4,4,//189
4,4,4,4,4,4,4,4,4,4,4,4,4,4,//189
4,4,4,4,4,4,4,4,4,4,4,4,4,4,//189
4,4,4,4,4,4,4,4,4,4,4,4,4,4,//189
4,4,4,4,11,4,4,81,4,4,4,4,4,4,//189
25,24,25,26,24,25,26,24,25,26,24,25,26,4,//189
66,65,66,66,67,68,69,70,66,69,67,71,1,4,//190
4,4,4,4,4,4,4,4,4,4,4,4,3,4,//190
4,4,4,4,4,4,4,4,4,4,4,4,1,4,//190
4,4,4,4,4,4,4,4,4,4,4,4,3,4,//190
4,4,4,4,4,4,4,4,4,4,4,4,1,4,//190
4,4,4,4,4,4,84,4,4,4,4,4,3,4,//190
4,4,4,4,4,28,4,4,4,4,4,4,1,4,//190
4,4,4,4,4,4,4,4,4,4,4,4,3,4,//190
4,4,4,4,4,4,4,4,4,29,4,4,1,4,//190
26,4,4,4,4,4,4,4,4,4,4,4,3,4,//190
2,4,4,4,4,4,4,4,4,4,4,4,4,4,//191
0,4,4,4,4,4,4,4,4,4,4,4,4,4,//191
2,4,4,4,4,4,4,47,4,4,4,4,4,4,//191
0,4,4,48,4,4,4,4,4,4,4,4,4,4,//191
2,4,4,4,4,4,4,4,4,4,4,4,4,4,//191
0,4,4,4,4,4,21,4,4,4,4,4,4,4,//191
2,4,4,4,4,4,11,4,4,4,4,4,4,4,//191
0,4,4,4,4,4,12,4,4,4,4,4,4,4,//191
2,4,4,4,4,4,12,4,4,4,4,4,4,4,//191
43,44,44,43,44,43,44,43,44,43,44,43,44,4,//191
2,65,65,66,67,68,69,70,66,67,66,69,3,4,//192
0,4,4,4,85,4,4,4,4,85,4,4,1,4,//192
2,4,4,4,4,4,4,4,4,4,4,4,3,4,//192
0,4,4,4,4,22,4,4,4,4,4,4,1,4,//192
2,4,4,4,4,28,4,4,4,4,4,4,3,4,//192
0,4,4,4,4,4,4,4,4,4,4,4,1,4,//192
2,4,4,4,4,4,4,4,4,4,4,4,3,4,//192
15,4,4,4,4,4,4,4,11,4,4,4,1,4,//192
17,4,4,4,4,4,4,4,12,4,4,4,3,4,//192
24,25,25,26,24,25,26,24,25,26,24,25,26,4,//192
0,4,4,4,4,4,65,66,67,68,69,70,1,4,//193
2,4,4,4,4,4,4,4,4,4,4,4,3,4,//193
0,4,4,4,4,4,4,4,4,4,4,4,1,4,//193
2,4,4,4,4,4,4,4,4,4,4,4,3,4,//193
0,4,4,4,29,4,4,4,4,4,4,4,1,4,//193
2,4,4,4,4,4,4,4,4,4,4,4,3,4,//193
0,4,4,4,4,4,4,4,4,4,4,4,1,4,//193
2,4,4,4,4,4,4,4,4,4,4,4,18,4,//193
0,4,4,4,4,4,4,28,4,4,4,4,16,4,//193
2,4,4,4,4,4,4,4,4,4,4,4,3,4,//193
2,38,38,39,38,39,40,39,38,39,40,41,38,4,//194
0,4,4,4,4,4,4,4,4,4,4,4,4,4,//194
2,4,4,4,4,4,4,4,4,4,4,4,4,4,//194
0,4,4,4,4,4,4,4,4,4,4,4,4,4,//194
2,4,4,4,4,4,4,4,4,4,4,4,4,4,//194
0,4,4,4,4,4,4,4,4,4,4,4,4,4,//194
2,4,4,4,4,47,4,4,4,4,4,4,4,4,//194
15,4,4,4,4,4,4,4,4,4,4,4,4,4,//194
17,4,4,4,4,4,83,4,4,11,4,4,4,4,//194
43,44,44,43,44,43,44,43,44,43,44,43,44,4,//194
40,39,39,41,39,38,40,38,39,38,41,38,40,4,//195
4,4,4,4,4,4,4,4,4,4,4,4,4,4,//195
4,4,4,4,4,4,4,4,4,4,4,4,4,4,//195
4,4,4,4,4,4,4,4,4,4,4,4,4,4,//195
4,4,4,4,4,4,4,4,4,4,4,4,4,4,//195
4,4,4,4,4,47,4,4,4,4,4,4,4,4,//195
4,4,4,4,4,4,4,4,4,4,4,4,4,4,//195
4,11,4,4,4,4,4,4,4,4,4,4,4,4,//195
4,12,4,4,4,83,4,4,4,11,4,4,4,4,//195
43,44,43,43,44,43,44,43,44,43,44,43,44,4,//195
40,4,4,4,4,4,39,40,38,4,4,4,41,4,//196
4,4,4,4,4,4,4,4,4,4,4,4,4,4,//196
4,4,4,4,4,4,4,4,4,4,4,4,4,4,//196
4,4,4,4,4,4,4,4,4,4,4,4,4,4,//196
4,4,4,4,4,4,4,4,4,4,47,4,4,4,//196
4,4,4,4,4,4,4,4,4,4,4,4,4,4,//196
4,4,4,11,4,4,4,4,4,4,4,4,4,4,//196
4,47,4,12,4,4,4,4,4,4,4,4,4,4,//196
4,83,4,12,4,4,4,4,11,4,83,4,4,4,//196
43,44,43,44,43,43,44,43,44,43,44,43,44,4,//196
39,41,40,39,41,41,38,39,41,38,39,40,1,4,//197
4,4,4,4,4,4,4,4,4,4,4,4,3,4,//197
4,4,4,4,4,4,4,4,4,4,4,4,1,4,//197
4,4,4,4,4,4,4,4,4,4,4,4,3,4,//197
4,4,4,4,4,4,4,4,4,4,4,4,1,4,//197
4,4,4,4,47,4,4,4,4,4,4,4,3,4,//197
4,4,4,4,4,4,4,4,4,4,4,4,1,4,//197
4,4,4,4,4,4,4,4,4,4,4,4,3,4,//197
4,4,4,4,4,4,4,4,48,4,4,4,1,4,//197
44,4,4,4,4,4,4,4,4,4,4,4,3,4,//197
2,65,65,66,67,66,69,67,66,67,66,69,66,4,//198
0,4,4,4,4,4,4,4,4,4,4,4,4,4,//198
2,4,4,4,4,4,4,4,4,4,4,4,4,4,//198
0,4,4,4,4,4,4,4,4,4,4,4,4,4,//198
2,4,4,4,4,4,4,4,4,4,4,4,4,4,//198
0,4,4,4,4,4,4,4,4,4,4,4,4,4,//198
2,4,4,4,4,4,4,4,4,4,4,4,4,4,//198
0,4,4,4,4,20,4,4,4,11,4,4,4,4,//198
2,4,4,4,4,11,4,4,4,12,4,4,4,4,//198
24,25,25,26,24,25,26,24,25,26,24,25,26,4,//198
71,4,4,4,4,4,4,4,4,4,4,4,3,4,//199
4,4,4,4,4,4,4,4,4,4,4,4,1,4,//199
4,4,4,4,4,4,4,4,4,4,4,4,3,4,//199
4,4,4,4,4,4,4,4,28,4,4,4,1,4,//199
4,4,4,4,4,4,4,4,4,4,4,4,3,4,//199
4,4,4,4,4,4,4,4,4,4,4,4,1,4,//199
4,4,4,4,4,29,4,4,4,4,4,4,3,4,//199
4,4,4,4,4,4,4,4,4,4,4,4,1,4,//199
4,4,4,4,4,4,4,4,4,4,4,4,3,4,//199
24,25,26,26,24,25,26,24,25,26,24,25,26,4,//199
0,41,39,39,38,41,38,39,40,39,38,39,1,4,//200
2,4,4,4,4,4,4,4,4,4,4,4,3,4,//200
0,4,4,4,4,4,4,4,4,4,4,4,1,4,//200
2,4,4,4,4,4,4,4,4,4,22,4,3,4,//200
0,4,4,4,4,4,4,4,4,4,48,4,1,4,//200
2,4,4,4,4,4,4,4,4,4,4,4,3,4,//200
0,4,4,4,4,4,47,4,4,4,4,4,1,4,//200
2,4,4,4,4,4,4,4,4,4,4,4,3,4,//200
0,47,4,4,4,4,4,4,4,4,4,4,1,4,//200
2,4,4,4,4,4,4,4,4,4,4,4,3,4,//200
2,4,4,4,4,4,4,70,69,70,68,69,3,4,//201
0,4,4,4,4,4,4,4,4,4,4,4,1,4,//201
2,4,4,4,4,4,4,4,4,4,4,4,3,4,//201
0,4,4,4,28,4,4,4,4,4,4,4,1,4,//201
2,4,4,4,4,4,4,4,4,4,4,4,3,4,//201
0,4,4,4,4,4,4,4,4,4,4,4,1,4,//201
2,4,4,4,4,4,4,11,4,4,4,4,3,4,//201
0,4,4,4,4,4,4,12,4,4,4,4,16,4,//201
2,4,4,4,87,4,4,12,4,4,4,4,18,4,//201
24,25,26,26,24,25,26,24,25,26,24,25,26,4,//201
0,57,58,58,59,59,60,63,59,64,63,64,1,4,//202
2,4,4,4,4,4,4,4,4,4,4,4,3,4,//202
0,4,4,4,4,4,4,4,4,4,4,4,1,4,//202
2,4,4,4,4,4,4,4,4,4,4,4,3,4,//202
0,4,4,4,4,4,4,4,4,4,4,4,1,4,//202
2,4,4,4,4,4,4,4,4,4,4,4,3,4,//202
0,4,4,4,4,4,4,4,4,4,4,4,1,4,//202
17,4,4,4,4,4,4,4,4,4,4,4,3,4,//202
15,4,4,4,4,4,4,4,4,4,4,4,1,4,//202
2,4,4,4,10,4,4,4,4,4,4,4,3,4,//202
2,4,4,4,4,4,4,4,4,4,4,4,3,4,//203
0,4,4,4,4,4,4,4,4,4,4,4,1,4,//203
2,4,4,4,4,4,4,4,4,4,4,4,3,4,//203
0,4,4,4,4,10,4,4,4,4,4,4,1,4,//203
2,4,4,4,4,4,4,4,4,4,4,4,3,4,//203
0,4,4,4,4,4,4,4,4,4,4,4,1,4,//203
2,4,4,4,4,4,4,4,11,4,4,4,3,4,//203
0,4,4,4,4,4,4,4,12,4,4,4,16,4,//203
2,4,4,4,4,4,81,4,12,4,4,4,18,4,//203
6,6,6,6,6,6,6,6,6,6,6,6,6,4,//203
2,63,63,64,63,59,60,63,64,63,64,58,3,4,//204
0,4,4,4,4,4,4,4,4,4,4,4,1,4,//204
2,4,4,4,4,4,4,4,4,4,4,4,3,4,//204
0,4,4,4,4,4,4,4,10,4,4,4,1,4,//204
2,4,4,4,4,4,4,4,4,4,4,4,3,4,//204
0,4,4,4,4,4,4,9,4,4,4,4,1,4,//204
2,4,4,4,4,4,4,4,4,4,4,4,3,4,//204
15,4,4,4,11,4,4,4,4,4,4,4,1,4,//204
17,4,4,4,12,4,4,4,4,4,4,4,3,4,//204
6,6,6,6,6,6,6,6,6,6,6,6,6,4,//204
4,4,4,4,4,4,4,4,4,4,4,4,4,4,//205
4,4,4,4,4,4,4,4,4,4,4,4,4,4,//205
4,4,4,4,4,4,4,4,4,4,4,4,4,4,//205
4,4,4,4,4,4,4,4,4,4,4,4,4,4,//205
4,4,4,4,4,4,4,4,4,4,4,4,4,4,//205
4,4,4,4,4,4,4,4,4,4,4,4,4,4,//205
4,4,4,4,4,4,4,4,4,4,4,4,4,4,//205
4,4,4,4,4,4,4,4,4,4,4,4,4,4,//205
4,4,4,4,4,4,4,4,4,4,4,4,4,4,//205
4,4,4,4,4,4,4,4,4,4,4,4,4,4,//205
0,4,4,4,4,4,4,4,4,4,4,4,1,4,//206
2,4,4,4,4,4,84,4,4,4,4,4,3,4,//206
0,4,4,4,4,4,28,4,4,4,4,4,1,4,//206
2,4,4,4,4,4,4,4,4,4,4,4,3,4,//206
0,4,4,4,4,4,4,4,4,4,4,4,1,4,//206
2,4,4,4,4,4,4,4,4,4,29,4,3,4,//206
0,4,29,4,4,4,4,4,4,4,4,4,1,4,//206
2,4,4,4,4,4,4,4,4,4,4,4,3,4,//206
0,4,4,4,4,4,4,4,28,4,4,4,1,4,//206
2,4,4,4,4,4,4,4,4,4,4,4,3,4,//206
0,65,66,67,67,68,69,70,66,69,67,66,1,4,//207
2,4,4,4,4,4,4,4,4,4,4,4,3,4,//207
0,4,4,4,4,4,4,4,4,4,4,4,1,4,//207
2,4,4,4,4,4,4,4,4,4,4,4,3,4,//207
0,4,84,4,4,4,4,4,4,4,4,4,1,4,//207
2,4,4,29,4,4,4,4,4,4,4,4,3,4,//207
0,4,4,4,4,4,4,4,4,4,4,4,1,4,//207
2,4,4,4,4,4,84,4,4,4,4,4,18,4,//207
0,4,4,4,4,4,4,28,4,4,4,4,16,4,//207
2,4,4,4,4,4,4,4,4,4,4,4,3,4,//207
65,66,67,66,66,67,66,67,69,70,69,67,66,4,//208
4,4,4,4,4,4,4,4,4,4,4,4,4,4,//208
4,4,4,4,4,4,4,4,4,4,4,4,4,4,//208
4,4,4,4,4,4,4,4,4,4,4,4,4,4,//208
4,4,4,4,4,4,4,4,4,4,4,4,4,4,//208
4,4,4,4,4,4,4,4,4,4,4,4,4,4,//208
4,4,28,4,4,4,4,4,4,4,4,4,4,4,//208
4,4,4,4,4,4,4,4,4,4,4,4,4,4,//208
4,4,4,4,4,4,4,29,4,4,4,4,4,4,//208
26,4,4,4,4,4,4,4,4,4,4,4,26,4,//208
4,4,4,4,4,4,4,4,4,4,4,4,3,4,//209
4,4,4,4,4,4,4,4,4,4,4,4,1,4,//209
4,4,4,4,4,4,4,4,4,10,4,4,3,4,//209
4,4,4,4,4,4,4,4,4,4,4,4,1,4,//209
4,4,4,4,4,4,4,4,4,4,4,4,3,4,//209
4,4,4,4,4,4,10,4,4,4,4,4,1,4,//209
4,4,4,4,4,4,4,4,4,4,4,4,3,4,//209
4,4,4,11,4,4,4,4,4,4,4,4,1,4,//209
4,4,4,12,4,4,87,4,4,4,4,4,3,4,//209
24,25,25,26,24,25,26,24,25,26,24,25,26,4,//209
2,65,65,66,69,67,68,69,67,70,69,67,68,4,//210
0,4,4,4,4,4,4,85,4,4,4,4,4,4,//210
2,4,4,4,4,4,4,4,4,4,4,4,4,4,//210
0,4,4,4,4,4,4,4,4,4,4,4,4,4,//210
2,4,4,4,4,4,4,4,4,4,4,4,4,4,//210
0,4,4,4,28,4,4,4,29,4,4,4,4,4,//210
2,4,4,4,85,4,4,4,85,4,28,4,4,4,//210
0,4,4,4,4,4,4,4,4,4,4,4,4,4,//210
2,4,4,4,4,4,4,4,4,4,4,4,4,4,//210
24,25,25,26,24,25,26,24,25,26,24,25,26,4,//210
67,68,68,69,67,66,67,68,69,70,66,69,67,4,//211
4,4,4,4,4,4,4,4,4,4,4,4,4,4,//211
4,4,4,4,4,4,4,4,4,4,4,4,4,4,//211
4,4,4,4,4,4,4,4,4,4,4,4,4,4,//211
4,4,4,4,4,4,4,4,4,4,4,4,4,4,//211
4,4,4,4,4,4,4,4,4,4,4,4,4,4,//211
4,4,4,4,4,4,4,4,4,4,28,4,4,4,//211
4,4,4,4,4,4,4,4,4,4,4,4,4,4,//211
4,4,4,4,4,4,4,4,4,4,4,4,4,4,//211
24,4,4,4,4,4,24,25,4,4,4,4,26,4,//211
68,69,69,67,68,70,67,69,67,66,69,70,1,4,//212
4,4,4,4,4,85,4,4,4,4,4,4,3,4,//212
4,4,4,4,4,4,4,4,4,4,4,4,1,4,//212
4,4,4,4,4,4,4,4,4,4,4,4,3,4,//212
4,4,4,4,4,4,4,4,4,4,4,4,1,4,//212
4,4,4,4,4,4,4,4,4,4,4,4,3,4,//212
4,4,4,28,4,4,4,4,4,4,4,4,1,4,//212
4,4,4,4,4,4,4,4,4,4,4,4,3,4,//212
4,4,4,4,4,4,4,29,4,4,4,4,1,4,//212
26,4,4,4,4,4,4,4,4,4,4,4,3,4,//212
2,4,4,4,4,4,4,4,4,4,4,4,40,4,//213
0,4,4,4,4,4,4,4,4,4,4,4,4,4,//213
2,4,4,4,4,4,4,4,4,4,4,4,4,4,//213
0,4,4,4,4,4,4,4,4,4,4,4,4,4,//213
2,4,4,4,4,47,4,4,4,4,4,4,4,4,//213
0,4,4,4,4,4,4,4,4,4,4,4,4,4,//213
2,4,4,4,4,4,4,4,4,4,4,4,4,4,//213
0,4,4,4,4,4,4,11,4,4,4,4,4,4,//213
2,4,4,4,83,4,4,12,4,4,80,4,4,4,//213
43,44,44,43,44,43,44,43,44,43,44,43,44,4,//213
38,39,39,40,38,41,38,39,38,39,41,39,38,4,//214
4,4,4,4,4,4,4,4,4,4,4,4,4,4,//214
4,4,4,4,4,4,4,4,4,4,4,4,4,4,//214
4,4,4,4,4,4,4,4,4,4,4,4,4,4,//214
4,4,4,4,4,4,4,4,4,4,4,4,4,4,//214
4,4,4,4,4,4,4,4,4,4,4,4,4,4,//214
4,4,4,4,4,4,4,11,4,4,4,4,4,4,//214
4,4,4,4,4,4,4,12,4,4,11,4,4,4,//214
4,4,4,11,4,4,4,12,4,4,12,4,4,4,//214
44,43,44,43,44,43,44,43,44,43,44,43,44,4,//214
39,40,39,38,39,38,40,38,39,41,39,38,41,4,//215
4,4,4,4,4,4,4,4,4,4,4,4,4,4,//215
4,4,4,4,4,4,4,4,4,4,4,4,4,4,//215
4,4,4,4,4,4,4,4,4,4,4,4,4,4,//215
4,4,4,4,4,4,4,4,4,4,4,4,4,4,//215
4,4,4,48,4,4,4,4,4,4,4,4,4,4,//215
4,4,4,4,4,4,4,4,4,4,4,4,4,4,//215
4,4,4,4,4,4,4,47,4,4,4,4,4,4,//215
4,4,4,4,4,4,4,4,4,4,4,4,4,4,//215
44,4,4,4,4,4,4,4,4,4,4,4,44,4,//215
41,4,4,4,4,4,4,4,4,4,4,4,4,4,//216
4,4,4,4,4,4,4,4,4,4,4,4,4,4,//216
4,4,4,4,4,47,4,4,4,4,4,4,4,4,//216
4,4,4,4,4,4,4,4,4,4,4,4,4,4,//216
4,4,4,4,4,4,4,4,4,4,4,4,4,4,//216
4,4,4,4,4,4,4,4,4,4,4,4,4,4,//216
4,4,4,4,4,4,4,11,4,4,4,4,4,4,//216
4,4,4,4,11,4,4,12,4,4,4,4,4,4,//216
4,4,4,4,12,4,4,12,4,4,4,4,4,4,//216
44,43,44,43,44,43,44,43,44,43,44,43,44,4,//216
41,40,41,38,39,38,39,38,40,38,39,41,3,4,//217
4,4,4,4,4,4,4,4,4,4,4,4,1,4,//217
4,4,4,4,4,4,4,4,4,4,4,4,3,4,//217
4,4,4,4,4,4,4,4,4,4,4,4,1,4,//217
4,4,4,4,4,4,4,4,4,4,4,4,3,4,//217
4,4,4,4,4,4,4,4,4,4,4,4,1,4,//217
4,4,4,4,11,4,4,4,4,4,4,4,3,4,//217
4,4,4,4,12,4,4,11,4,4,4,4,1,4,//217
4,4,4,4,12,4,4,12,4,4,4,4,3,4,//217
43,44,43,43,44,43,44,43,44,43,44,43,44,4,//217
0,4,4,4,4,4,4,4,4,4,4,4,4,4,//218
2,4,4,4,4,4,4,4,4,4,4,4,4,4,//218
0,4,4,4,4,4,4,4,4,4,4,4,4,4,//218
2,4,4,4,4,4,4,4,4,9,4,4,4,4,//218
0,4,4,4,4,4,4,4,4,4,4,4,4,4,//218
2,4,4,4,4,4,4,4,4,4,4,4,4,4,//218
0,4,4,4,4,4,10,4,4,4,4,4,4,4,//218
2,4,4,4,4,4,4,4,4,4,4,4,4,4,//218
0,10,4,4,4,4,4,4,4,4,4,4,4,4,//218
2,4,4,4,4,4,4,4,4,4,4,4,8,4,//218
63,64,58,58,59,60,61,62,63,63,63,61,62,4,//219
4,4,4,4,4,4,4,4,4,4,4,4,4,4,//219
4,4,4,4,4,4,4,4,4,4,4,4,4,4,//219
4,4,4,4,4,4,4,4,4,4,4,4,4,4,//219
4,4,4,4,4,4,4,4,4,4,4,4,4,4,//219
4,4,4,10,4,4,4,4,4,4,4,4,4,4,//219
4,4,4,4,4,4,4,4,4,4,4,4,4,4,//219
4,4,4,4,4,4,4,11,4,4,4,4,4,4,//219
4,4,4,81,4,4,4,12,4,4,4,4,4,4,//219
6,6,6,6,6,6,6,6,6,6,6,6,6,4,//219
59,58,59,60,61,62,63,64,61,59,62,63,1,4,//220
4,4,4,4,4,4,4,4,4,4,4,4,3,4,//220
4,4,4,4,4,4,4,4,4,4,4,4,1,4,//220
4,4,4,4,4,4,4,4,4,4,4,4,3,4,//220
4,4,4,4,4,4,4,4,9,4,4,4,1,4,//220
4,4,4,4,4,4,4,4,4,4,4,4,3,4,//220
4,4,4,4,4,4,4,4,4,4,4,4,1,4,//220
4,4,4,4,10,4,4,4,4,4,4,4,3,4,//220
4,4,4,4,4,4,4,4,4,4,9,4,1,4,//220
7,4,4,4,4,4,4,4,4,4,4,4,3,4,//220
0,65,65,66,69,70,67,66,69,67,68,69,70,4,//221
2,4,4,4,4,4,4,4,85,4,4,4,4,4,//221
0,4,4,4,4,4,4,4,4,4,4,4,4,4,//221
2,4,4,4,4,4,4,4,4,4,4,4,4,4,//221
0,4,4,4,4,4,4,4,4,4,4,4,4,4,//221
2,4,4,4,4,4,4,84,4,4,4,4,4,4,//221
0,4,4,4,4,4,4,29,4,4,4,4,4,4,//221
2,4,4,4,4,4,4,4,4,4,4,4,4,4,//221
0,4,4,28,4,4,4,4,4,4,4,4,4,4,//221
2,4,4,4,4,4,4,4,4,4,4,4,24,4,//221
4,4,4,4,4,4,4,4,4,4,4,4,3,4,//222
4,4,4,4,4,4,4,4,4,4,4,4,1,4,//222
4,4,4,4,28,4,4,4,4,4,4,4,3,4,//222
4,4,4,4,4,4,4,4,4,4,4,4,1,4,//222
4,4,4,4,4,4,4,4,4,4,4,4,3,4,//222
4,4,4,4,4,4,4,4,4,4,4,4,1,4,//222
4,4,4,4,4,4,4,11,4,4,4,4,3,4,//222
4,4,4,4,4,4,4,12,4,4,4,4,1,4,//222
4,4,4,4,4,4,4,12,4,4,4,4,3,4,//222
24,25,25,26,24,25,26,24,25,26,24,25,26,4,//222
2,4,4,4,4,4,4,4,4,4,4,4,4,4,//223
0,4,4,4,4,4,4,4,4,4,4,4,4,4,//223
2,4,4,4,4,4,4,4,4,4,29,4,4,4,//223
0,4,4,28,4,4,4,4,4,4,4,4,4,4,//223
2,4,4,4,4,4,4,4,4,4,4,4,4,4,//223
0,4,4,4,4,4,4,4,4,4,4,4,4,4,//223
2,4,4,4,4,4,4,29,4,4,4,4,4,4,//223
0,4,4,4,4,4,4,4,4,4,4,4,4,4,//223
2,4,4,4,4,4,4,4,4,4,11,4,4,4,//223
24,25,25,26,24,25,26,24,25,26,24,25,26,4,//223
2,4,4,4,4,4,4,4,4,4,4,4,3,4,//224
0,4,4,4,4,4,4,4,4,4,4,4,1,4,//224
2,4,4,4,4,4,4,4,4,4,4,4,3,4,//224
0,4,4,4,4,4,4,4,4,4,28,4,1,4,//224
2,4,4,4,4,4,4,4,4,4,4,4,3,4,//224
0,4,4,4,4,4,4,4,4,4,4,4,1,4,//224
2,4,4,4,4,4,4,11,4,4,4,4,3,4,//224
15,4,4,4,4,4,4,12,4,4,4,4,16,4,//224
17,4,4,4,80,4,4,12,4,4,4,4,18,4,//224
24,25,25,26,24,25,26,24,25,26,24,25,26,4,//224
2,4,4,4,4,4,4,4,4,4,4,4,3,4,//225
0,4,4,4,4,4,4,4,4,4,4,4,1,4,//225
2,4,4,4,4,4,4,4,4,4,4,4,3,4,//225
0,4,4,4,4,4,4,4,4,29,4,4,1,4,//225
2,4,4,4,4,4,4,4,4,4,4,4,3,4,//225
0,4,4,4,4,28,4,4,4,4,4,4,1,4,//225
2,4,4,4,4,4,4,4,4,4,4,4,3,4,//225
15,4,4,4,4,4,4,4,4,4,4,4,16,4,//225
17,4,4,4,4,4,4,4,4,4,4,4,18,4,//225
24,25,25,26,24,25,26,24,25,26,24,25,26,4,//225
2,4,4,4,4,4,4,4,4,4,4,4,4,4,//226
0,4,4,4,4,4,4,4,4,4,4,4,4,4,//226
2,4,4,4,4,4,4,4,4,4,4,4,4,4,//226
0,4,4,4,4,4,4,4,4,4,4,4,4,4,//226
2,4,4,4,4,4,4,4,4,4,4,4,4,4,//226
0,4,4,4,4,4,4,4,4,4,28,4,4,4,//226
2,4,4,4,4,4,4,4,4,4,4,4,4,4,//226
15,4,4,4,4,4,4,4,4,4,4,4,4,4,//226
17,4,4,4,4,4,87,4,4,4,4,4,4,4,//226
24,25,25,26,24,25,26,24,25,26,24,25,26,4,//226
2,4,4,4,4,4,4,4,4,4,4,4,3,4,//227
0,4,4,4,4,4,4,4,4,4,4,4,1,4,//227
2,4,4,4,4,4,4,4,29,4,4,4,3,4,//227
0,4,4,4,4,4,4,4,4,4,4,4,1,4,//227
2,4,4,4,4,4,4,4,4,4,4,4,3,4,//227
0,4,4,4,4,28,4,4,4,4,4,4,1,4,//227
2,4,4,4,4,4,4,4,4,4,4,4,3,4,//227
0,4,4,4,4,4,4,4,4,4,4,4,1,4,//227
2,4,4,4,4,4,4,4,4,4,4,4,3,4,//227
24,25,25,26,24,25,26,24,25,26,24,25,26,4,//227
2,4,4,4,4,4,4,4,4,4,4,4,4,4,//228
0,4,4,4,4,4,4,4,4,4,4,4,4,4,//228
2,4,4,4,4,4,4,4,4,4,4,4,4,4,//228
0,4,4,4,4,29,4,4,4,4,4,4,4,4,//228
2,4,4,4,4,4,4,4,4,4,4,4,4,4,//228
0,4,4,4,4,4,4,4,4,4,4,4,4,4,//228
2,4,4,4,4,4,4,4,4,29,4,4,4,4,//228
0,4,4,4,4,4,4,4,4,4,4,4,4,4,//228
2,4,4,4,4,4,4,11,4,4,4,87,4,4,//228
24,25,25,26,24,25,26,24,25,26,24,25,26,4,//228
66,67,67,68,69,70,69,69,70,69,70,69,71,4,//229
4,4,4,4,4,4,4,4,4,4,4,4,4,4,//229
4,4,4,4,4,4,4,4,4,4,4,4,4,4,//229
4,4,4,4,4,4,4,4,4,4,4,4,4,4,//229
4,4,4,4,4,4,4,4,4,4,4,4,4,4,//229
4,4,4,4,28,4,4,4,4,4,4,4,4,4,//229
4,4,4,4,4,4,4,4,4,29,4,4,4,4,//229
4,4,4,4,4,4,4,4,4,4,4,4,4,4,//229
4,4,4,4,4,4,4,4,4,4,4,4,4,4,//229
25,24,25,26,24,25,26,24,25,26,24,25,26,4,//229
66,65,66,67,68,69,67,66,67,66,69,70,3,4,//230
4,4,4,4,4,4,4,4,4,4,4,4,1,4,//230
4,4,4,4,4,4,4,4,4,4,86,4,3,4,//230
4,4,4,4,4,4,4,4,4,4,4,4,1,4,//230
4,4,4,4,4,4,4,4,4,4,4,4,3,4,//230
4,4,4,4,4,4,4,28,4,4,4,4,1,4,//230
4,4,4,4,4,4,4,4,4,4,4,4,3,4,//230
4,4,4,11,4,4,4,4,4,4,4,4,1,4,//230
4,4,4,12,4,4,87,4,4,4,4,4,3,4,//230
24,25,25,26,24,25,26,24,25,26,24,25,26,4,//230
2,4,4,4,4,4,4,4,4,4,4,4,4,4,//231
0,4,4,4,4,4,4,4,4,4,4,4,4,4,//231
2,4,4,4,4,4,4,4,4,4,4,4,4,4,//231
0,4,4,4,47,4,4,4,4,4,4,4,4,4,//231
2,4,4,4,4,4,4,4,86,4,4,4,4,4,//231
0,4,4,4,4,4,4,4,4,4,4,4,4,4,//231
2,4,4,4,4,4,47,4,4,4,4,4,4,4,//231
0,4,4,4,4,4,4,4,4,4,4,4,4,4,//231
2,4,4,4,4,4,4,4,4,4,11,4,4,4,//231
43,44,44,43,44,43,44,43,44,43,44,43,44,4,//231
38,40,40,38,39,41,39,38,39,40,39,38,3,4,//232
4,4,4,4,4,4,4,4,4,4,4,4,1,4,//232
4,4,4,4,4,4,4,4,4,4,4,4,3,4,//232
4,4,4,4,4,4,4,4,4,4,4,4,1,4,//232
4,4,4,4,4,4,4,4,4,4,4,4,3,4,//232
4,4,4,4,47,4,4,4,4,4,4,4,1,4,//232
4,4,4,4,4,4,4,4,4,4,4,4,3,4,//232
4,4,4,4,4,4,4,4,11,4,4,4,16,4,//232
4,4,4,4,4,4,4,4,12,4,4,4,18,4,//232
43,44,44,43,44,43,44,43,44,43,44,43,44,4,//232
2,4,4,4,4,4,4,4,4,4,4,4,4,4,//233
0,4,4,4,4,4,4,4,4,4,4,4,4,4,//233
2,4,4,4,4,4,4,4,4,4,4,4,4,4,//233
0,4,4,4,4,4,4,4,4,4,4,4,4,4,//233
2,4,4,4,4,4,4,4,4,4,4,4,4,4,//233
0,4,4,4,4,4,4,4,4,4,4,9,4,4,//233
2,4,4,4,4,4,4,4,4,4,4,4,4,4,//233
15,4,4,4,4,4,4,4,4,4,4,4,4,4,//233
17,4,4,4,4,4,4,11,4,4,4,4,4,4,//233
5,6,6,5,6,5,6,5,6,5,6,5,6,4,//233
4,4,4,4,4,4,4,4,4,4,4,4,4,4,//234
4,4,4,4,4,4,4,4,4,4,4,4,4,4,//234
4,4,4,4,4,4,4,4,4,4,4,4,4,4,//234
4,4,4,4,4,10,4,4,4,4,4,4,4,4,//234
4,4,4,4,4,4,4,4,4,4,4,4,4,4,//234
4,4,4,4,4,4,4,4,4,4,9,4,4,4,//234
4,4,4,4,4,4,4,4,4,4,4,4,4,4,//234
4,4,4,4,4,4,4,4,11,4,4,4,4,4,//234
4,4,4,4,4,4,4,4,12,4,4,4,4,4,//234
6,6,6,6,6,6,6,6,6,6,6,6,6,4,//234
58,57,58,59,60,61,62,63,64,63,64,63,3,4,//235
4,4,4,4,4,4,4,4,4,4,4,4,1,4,//235
4,4,4,4,4,4,4,4,4,4,4,4,3,4,//235
4,4,4,4,4,4,4,4,4,4,4,4,1,4,//235
4,4,4,4,4,4,4,4,4,4,4,4,3,4,//235
4,4,4,4,10,4,4,4,4,4,4,4,1,4,//235
4,4,4,4,4,4,4,4,4,4,4,4,3,4,//235
4,4,4,4,4,4,4,4,11,4,4,4,1,4,//235
4,4,4,4,4,4,4,4,12,4,4,4,3,4,//235
5,6,6,5,6,5,6,5,6,5,6,5,6,4,//235
2,4,4,4,4,4,4,4,4,4,4,4,3,4,//236
0,4,4,4,4,4,4,4,4,4,4,4,1,4,//236
2,4,4,9,4,4,4,4,4,4,4,4,3,4,//236
0,4,4,4,4,4,4,86,4,10,4,4,1,4,//236
2,4,4,4,86,4,4,4,4,4,4,4,3,4,//236
0,4,4,4,4,4,4,4,4,4,4,4,1,4,//236
2,4,4,4,4,4,11,4,4,4,4,4,3,4,//236
0,4,4,4,4,4,12,4,4,4,4,4,1,4,//236
2,4,4,4,4,4,12,4,4,4,4,4,3,4,//236
5,6,6,6,6,6,6,6,6,6,6,6,6,4,//236
0,4,4,4,4,4,4,4,4,4,4,4,4,4,//237
2,4,4,4,4,4,4,4,4,4,4,4,4,4,//237
0,4,4,4,4,4,4,4,4,4,4,4,4,4,//237
2,4,4,4,4,28,4,4,4,4,4,4,4,4,//237
0,4,4,4,4,4,4,4,4,4,4,4,4,4,//237
2,4,4,4,4,4,4,86,4,4,4,4,4,4,//237
0,4,4,4,4,4,4,4,4,11,4,4,4,4,//237
2,4,4,4,11,4,4,4,4,12,4,4,4,4,//237
0,4,4,4,12,4,4,4,4,12,4,4,4,4,//237
24,25,25,26,24,25,26,24,25,26,24,25,26,4,//237
65,66,66,67,68,69,70,66,67,68,69,70,3,4,//238
4,4,4,4,4,4,4,4,4,4,4,4,1,4,//238
4,4,4,4,4,4,4,4,4,4,4,4,3,4,//238
4,4,4,4,4,4,4,4,4,4,4,4,1,4,//238
4,4,4,4,4,4,4,4,4,4,28,4,3,4,//238
4,4,4,4,4,4,4,4,4,4,4,4,1,4,//238
4,4,4,4,4,4,4,4,4,4,4,4,3,4,//238
4,4,11,4,4,4,4,4,4,4,4,4,1,4,//238
4,4,12,4,4,4,4,11,4,4,4,4,3,4,//238
24,25,26,24,25,25,26,24,25,26,24,25,26,4,//238
2,65,66,67,68,68,69,70,68,69,70,71,3,4,//239
0,4,4,4,4,4,4,4,4,4,4,4,1,4,//239
2,4,4,4,4,4,4,4,4,4,4,4,3,4,//239
0,4,4,28,4,4,4,4,4,4,4,4,1,4,//239
2,4,4,4,4,4,4,4,4,4,4,4,3,4,//239
0,4,4,4,4,4,4,4,29,4,4,4,1,4,//239
2,4,4,4,4,4,4,4,4,4,4,4,3,4,//239
0,11,4,4,4,4,4,4,4,4,4,4,16,4,//239
2,12,4,4,4,4,4,4,4,4,4,4,18,4,//239
24,25,26,24,25,25,26,24,25,26,24,25,26,4,//239
4,4,4,4,4,4,4,4,4,4,4,4,4,4,//240
4,4,4,4,4,4,4,4,4,4,4,4,4,4,//240
4,4,4,4,4,4,4,4,4,4,4,4,4,4,//240
4,4,4,4,4,4,4,4,4,4,4,4,4,4,//240
4,4,4,4,4,4,4,4,4,4,4,4,4,4,//240
4,4,4,4,4,4,4,4,4,4,4,4,4,4,//240
4,4,4,4,4,4,4,4,4,4,4,4,4,4,//240
4,4,4,4,4,4,4,4,4,4,4,4,4,4,//240
4,4,4,4,4,4,4,4,4,4,4,4,4,4,//240
5,5,5,5,5,5,5,5,5,5,5,5,5,4,//240
